train_id;train_send_countid;paket_id;count_pakets_in_train;recv_time;send_time;recv_data_rate;recv_timeout_wait;last_recv_train_id;last_recv_train_send_countid;last_recv_paket_id


1;0;0;4;1409842063.414438884;1409842063.413488554;1607429;0;0;0;3
1;0;1;4;1409842063.415259450;1409842063.413521868;1607429;0;0;0;3
1;0;2;4;1409842063.416093494;1409842063.413531716;1607429;0;0;0;3
1;0;3;4;1409842063.416930263;1409842063.413542122;1607429;0;0;0;3
3;0;0;802;1409842064.90732986;1409842064.89801024;1195330;0;2;0;802
3;0;1;802;1409842064.91568148;1409842064.89831195;1195330;0;2;0;802
3;0;2;802;1409842064.92399119;1409842064.89839506;1195330;0;2;0;802
3;0;3;802;1409842064.93251881;1409842064.89846630;1195330;0;2;0;802
3;0;4;802;1409842064.94089418;1409842064.89853405;1195330;0;2;0;802
3;0;5;802;1409842064.94932402;1409842064.89860738;1195330;0;2;0;802
3;0;6;802;1409842064.95762676;1409842064.89867652;1195330;0;2;0;802
3;0;7;802;1409842064.96601469;1409842064.89875125;1195330;0;2;0;802
3;0;8;802;1409842064.97522676;1409842064.89881760;1195330;0;2;0;802
3;0;9;802;1409842064.98256848;1409842064.89887767;1195330;0;2;0;802
3;0;10;802;1409842064.99092219;1409842064.89893773;1195330;0;2;0;802
3;0;11;802;1409842064.99923889;1409842064.89899849;1195330;0;2;0;802
3;0;12;802;1409842064.102191217;1409842064.89905646;1195330;0;2;0;802
3;0;13;802;1409842064.102199458;1409842064.89911722;1195330;0;2;0;802
3;0;14;802;1409842064.102431401;1409842064.89917938;1195330;0;2;0;802
3;0;15;802;1409842064.103279902;1409842064.89924084;1195330;0;2;0;802
3;0;16;802;1409842064.104117090;1409842064.89929811;1195330;0;2;0;802
3;0;17;802;1409842064.104950646;1409842064.89936027;1195330;0;2;0;802
3;0;18;802;1409842064.105783363;1409842064.89941963;1195330;0;2;0;802
3;0;19;802;1409842064.106618456;1409842064.89947830;1195330;0;2;0;802
3;0;20;802;1409842064.107454316;1409842064.89953487;1195330;0;2;0;802
3;0;21;802;1409842064.108362462;1409842064.89959773;1195330;0;2;0;802
3;0;22;802;1409842064.109155510;1409842064.89965989;1195330;0;2;0;802
3;0;23;802;1409842064.109991720;1409842064.89988268;1195330;0;2;0;802
3;0;24;802;1409842064.110826882;1409842064.89995741;1195330;0;2;0;802
3;0;25;802;1409842064.111647377;1409842064.90001747;1195330;0;2;0;802
3;0;26;802;1409842064.112480165;1409842064.90008243;1195330;0;2;0;802
3;0;27;802;1409842064.113321263;1409842064.90013970;1195330;0;2;0;802
3;0;28;802;1409842064.114162921;1409842064.90020255;1195330;0;2;0;802
3;0;29;802;1409842064.115001714;1409842064.90026122;1195330;0;2;0;802
3;0;30;802;1409842064.115832127;1409842064.90032478;1195330;0;2;0;802
3;0;31;802;1409842064.116670921;1409842064.90039392;1195330;0;2;0;802
3;0;32;802;1409842064.117513486;1409842064.90045259;1195330;0;2;0;802
3;0;33;802;1409842064.118353537;1409842064.90052522;1195330;0;2;0;802
3;0;34;802;1409842064.119193029;1409842064.90058528;1195330;0;2;0;802
3;0;35;802;1409842064.120030217;1409842064.90065722;1195330;0;2;0;802
3;0;36;802;1409842064.120863563;1409842064.90071868;1195330;0;2;0;802
3;0;37;802;1409842064.121772966;1409842064.90077735;1195330;0;2;0;802
3;0;38;802;1409842064.122545062;1409842064.90083811;1195330;0;2;0;802
3;0;39;802;1409842064.123382389;1409842064.90090167;1195330;0;2;0;802
3;0;40;802;1409842064.124219926;1409842064.90096522;1195330;0;2;0;802
3;0;41;802;1409842064.125056834;1409842064.90102389;1195330;0;2;0;802
3;0;42;802;1409842064.125886828;1409842064.90108535;1195330;0;2;0;802
3;0;43;802;1409842064.126724504;1409842064.90115100;1195330;0;2;0;802
3;0;44;802;1409842064.127561552;1409842064.90120967;1195330;0;2;0;802
3;0;45;802;1409842064.128397273;1409842064.90127741;1195330;0;2;0;802
3;0;46;802;1409842064.129234530;1409842064.90133468;1195330;0;2;0;802
3;0;47;802;1409842064.130076466;1409842064.90140243;1195330;0;2;0;802
3;0;48;802;1409842064.130913235;1409842064.90146179;1195330;0;2;0;802
3;0;49;802;1409842064.131749654;1409842064.90151906;1195330;0;2;0;802
3;0;50;802;1409842064.132584607;1409842064.90157913;1195330;0;2;0;802
3;0;51;802;1409842064.133417324;1409842064.90163919;1195330;0;2;0;802
3;0;52;802;1409842064.134252067;1409842064.90169995;1195330;0;2;0;802
3;0;53;802;1409842064.135092258;1409842064.90175862;1195330;0;2;0;802
3;0;54;802;1409842064.135926023;1409842064.90181449;1195330;0;2;0;802
3;0;55;802;1409842064.136762652;1409842064.90188922;1195330;0;2;0;802
3;0;56;802;1409842064.137608290;1409842064.90194928;1195330;0;2;0;802
3;0;57;802;1409842064.138440100;1409842064.90201214;1195330;0;2;0;802
3;0;58;802;1409842064.139275471;1409842064.90206941;1195330;0;2;0;802
3;0;59;802;1409842064.140112799;1409842064.90213786;1195330;0;2;0;802
3;0;60;802;1409842064.140951592;1409842064.90219652;1195330;0;2;0;802
3;0;61;802;1409842064.141792342;1409842064.90225379;1195330;0;2;0;802
3;0;62;802;1409842064.142623523;1409842064.90232363;1195330;0;2;0;802
3;0;63;802;1409842064.143461828;1409842064.90238719;1195330;0;2;0;802
3;0;64;802;1409842064.144300482;1409842064.90244935;1195330;0;2;0;802
3;0;65;802;1409842064.145134596;1409842064.90250802;1195330;0;2;0;802
3;0;66;802;1409842064.145947828;1409842064.90257017;1195330;0;2;0;802
3;0;67;802;1409842064.146783619;1409842064.90263024;1195330;0;2;0;802
3;0;68;802;1409842064.147652654;1409842064.90269868;1195330;0;2;0;802
3;0;69;802;1409842064.148486629;1409842064.90276713;1195330;0;2;0;802
3;0;70;802;1409842064.149317391;1409842064.90282929;1195330;0;2;0;802
3;0;71;802;1409842064.150154997;1409842064.90289633;1195330;0;2;0;802
3;0;72;802;1409842064.150996096;1409842064.90296408;1195330;0;2;0;802
3;0;73;802;1409842064.151833353;1409842064.90302833;1195330;0;2;0;802
3;0;74;802;1409842064.152665373;1409842064.90308421;1195330;0;2;0;802
3;0;75;802;1409842064.153577220;1409842064.90314636;1195330;0;2;0;802
3;0;76;802;1409842064.154343030;1409842064.90321202;1195330;0;2;0;802
3;0;77;802;1409842064.155179589;1409842064.90327417;1195330;0;2;0;802
3;0;78;802;1409842064.156017265;1409842064.90333703;1195330;0;2;0;802
3;0;79;802;1409842064.156856897;1409842064.90346973;1195330;0;2;0;802
3;0;80;802;1409842064.157720275;1409842064.90354586;1195330;0;2;0;802
3;0;81;802;1409842064.158523869;1409842064.121562674;1195330;0;2;0;802
3;0;82;802;1409842064.159360637;1409842064.121576014;1195330;0;2;0;802
3;0;83;802;1409842064.160197196;1409842064.121580903;1195330;0;2;0;802
3;0;84;802;1409842064.161035920;1409842064.121585303;1195330;0;2;0;802
3;0;85;802;1409842064.161866752;1409842064.121589843;1195330;0;2;0;802
3;0;86;802;1409842064.162706943;1409842064.121594312;1195330;0;2;0;802
3;0;87;802;1409842064.163543711;1409842064.121598852;1195330;0;2;0;802
3;0;88;802;1409842064.164376848;1409842064.121603531;1195330;0;2;0;802
3;0;89;802;1409842064.165216131;1409842064.121607792;1195330;0;2;0;802
3;0;90;802;1409842064.166058696;1409842064.121612052;1195330;0;2;0;802
3;0;91;802;1409842064.166890505;1409842064.121616243;1195330;0;2;0;802
3;0;92;802;1409842064.167731534;1409842064.121621132;1195330;0;2;0;802
3;0;93;802;1409842064.168568861;1409842064.121625671;1195330;0;2;0;802
3;0;94;802;1409842064.169401719;1409842064.121630630;1195330;0;2;0;802
3;0;95;802;1409842064.170243795;1409842064.121635658;1195330;0;2;0;802
3;0;96;802;1409842064.171073719;1409842064.121640198;1195330;0;2;0;802
3;0;97;802;1409842064.171907903;1409842064.121644738;1195330;0;2;0;802
3;0;98;802;1409842064.172744532;1409842064.121649487;1195330;0;2;0;802
3;0;99;802;1409842064.173584932;1409842064.121679868;1195330;0;2;0;802
3;0;100;802;1409842064.174436856;1409842064.121684966;1195330;0;2;0;802
3;0;101;802;1409842064.175255885;1409842064.121689576;1195330;0;2;0;802
3;0;102;802;1409842064.176091676;1409842064.121693906;1195330;0;2;0;802
3;0;103;802;1409842064.176933752;1409842064.121698236;1195330;0;2;0;802
3;0;104;802;1409842064.177773104;1409842064.121702566;1195330;0;2;0;802
3;0;105;802;1409842064.178604844;1409842064.121707316;1195330;0;2;0;802
3;0;106;802;1409842064.179442451;1409842064.121711506;1195330;0;2;0;802
3;0;107;802;1409842064.180283968;1409842064.121715906;1195330;0;2;0;802
3;0;108;802;1409842064.181115918;1409842064.121720306;1195330;0;2;0;802
3;0;109;802;1409842064.181949753;1409842064.121724706;1195330;0;2;0;802
3;0;110;802;1409842064.182789804;1409842064.121729176;1195330;0;2;0;802
3;0;111;802;1409842064.183622941;1409842064.121733436;1195330;0;2;0;802
3;0;112;802;1409842064.184460338;1409842064.121737976;1195330;0;2;0;802
3;0;113;802;1409842064.185381754;1409842064.121743354;1195330;0;2;0;802
3;0;114;802;1409842064.186142325;1409842064.121747963;1195330;0;2;0;802
3;0;115;802;1409842064.186969944;1409842064.121752573;1195330;0;2;0;802
3;0;116;802;1409842064.187812859;1409842064.121757043;1195330;0;2;0;802
3;0;117;802;1409842064.188642154;1409842064.121761792;1195330;0;2;0;802
3;0;118;802;1409842064.189483043;1409842064.121766471;1195330;0;2;0;802
3;0;119;802;1409842064.190311920;1409842064.153362668;1195330;0;2;0;802
3;0;120;802;1409842064.191148409;1409842064.153376008;1195330;0;2;0;802
3;0;121;802;1409842064.191985666;1409842064.153382084;1195330;0;2;0;802
3;0;122;802;1409842064.192853514;1409842064.153386903;1195330;0;2;0;802
3;0;123;802;1409842064.193666187;1409842064.153391652;1195330;0;2;0;802
3;0;124;802;1409842064.194496739;1409842064.153395912;1195330;0;2;0;802
3;0;125;802;1409842064.195342098;1409842064.153400382;1195330;0;2;0;802
3;0;126;802;1409842064.196176143;1409842064.153405341;1195330;0;2;0;802
3;0;127;802;1409842064.197019896;1409842064.153409881;1195330;0;2;0;802
3;0;128;802;1409842064.197854080;1409842064.153414560;1195330;0;2;0;802
3;0;129;802;1409842064.198690080;1409842064.153418890;1195330;0;2;0;802
3;0;130;802;1409842064.199526779;1409842064.153423570;1195330;0;2;0;802
3;0;131;802;1409842064.200363966;1409842064.153428179;1195330;0;2;0;802
3;0;132;802;1409842064.201239077;1409842064.153433068;1195330;0;2;0;802
3;0;133;802;1409842064.202033731;1409842064.153438236;1195330;0;2;0;802
3;0;134;802;1409842064.202878811;1409842064.153443474;1195330;0;2;0;802
3;0;135;802;1409842064.203692741;1409842064.153448014;1195330;0;2;0;802
3;0;136;802;1409842064.204543967;1409842064.153478185;1195330;0;2;0;802
3;0;137;802;1409842064.205393865;1409842064.153483563;1195330;0;2;0;802
3;0;138;802;1409842064.206240412;1409842064.153488173;1195330;0;2;0;802
3;0;139;802;1409842064.207064958;1409842064.153492643;1195330;0;2;0;802
3;0;140;802;1409842064.207898234;1409842064.153497112;1195330;0;2;0;802
3;0;141;802;1409842064.208724806;1409842064.153501582;1195330;0;2;0;802
3;0;142;802;1409842064.209575682;1409842064.153506471;1195330;0;2;0;802
3;0;143;802;1409842064.210407212;1409842064.153511360;1195330;0;2;0;802
3;0;144;802;1409842064.211242235;1409842064.153516039;1195330;0;2;0;802
3;0;145;802;1409842064.212081238;1409842064.153520300;1195330;0;2;0;802
3;0;146;802;1409842064.212916121;1409842064.153524700;1195330;0;2;0;802
3;0;147;802;1409842064.213748210;1409842064.153528960;1195330;0;2;0;802
3;0;148;802;1409842064.214598388;1409842064.153533570;1195330;0;2;0;802
3;0;149;802;1409842064.215429080;1409842064.153537830;1195330;0;2;0;802
3;0;150;802;1409842064.216268153;1409842064.153543347;1195330;0;2;0;802
3;0;151;802;1409842064.217104642;1409842064.153547957;1195330;0;2;0;802
3;0;152;802;1409842064.217937500;1409842064.153552706;1195330;0;2;0;802
3;0;153;802;1409842064.218775944;1409842064.153557595;1195330;0;2;0;802
3;0;154;802;1409842064.219621722;1409842064.153561785;1195330;0;2;0;802
3;0;155;802;1409842064.220448573;1409842064.153565976;1195330;0;2;0;802
3;0;156;802;1409842064.221287926;1409842064.153570795;1195330;0;2;0;802
3;0;157;802;1409842064.222121412;1409842064.185160008;1195330;0;2;0;802
3;0;158;802;1409842064.222961044;1409842064.185184382;1195330;0;2;0;802
3;0;159;802;1409842064.223793901;1409842064.185190109;1195330;0;2;0;802
3;0;160;802;1409842064.224634580;1409842064.185194858;1195330;0;2;0;802
3;0;161;802;1409842064.225471419;1409842064.185199328;1195330;0;2;0;802
3;0;162;802;1409842064.226305673;1409842064.185204357;1195330;0;2;0;802
3;0;163;802;1409842064.227141882;1409842064.185209036;1195330;0;2;0;802
3;0;164;802;1409842064.227980327;1409842064.185214833;1195330;0;2;0;802
3;0;165;802;1409842064.228821775;1409842064.185219373;1195330;0;2;0;802
3;0;166;802;1409842064.229653235;1409842064.185223842;1195330;0;2;0;802
3;0;167;802;1409842064.230490074;1409842064.185228173;1195330;0;2;0;802
3;0;168;802;1409842064.231326004;1409842064.185233271;1195330;0;2;0;802
3;0;169;802;1409842064.232165706;1409842064.185237741;1195330;0;2;0;802
3;0;170;802;1409842064.233066519;1409842064.185241792;1195330;0;2;0;802
3;0;171;802;1409842064.233863896;1409842064.185246401;1195330;0;2;0;802
3;0;172;802;1409842064.234669935;1409842064.185275525;1195330;0;2;0;802
3;0;173;802;1409842064.235513687;1409842064.185280484;1195330;0;2;0;802
3;0;174;802;1409842064.236346545;1409842064.185285233;1195330;0;2;0;802
3;0;175;802;1409842064.237185548;1409842064.185289773;1195330;0;2;0;802
3;0;176;802;1409842064.238019662;1409842064.185294242;1195330;0;2;0;802
3;0;177;802;1409842064.238884647;1409842064.185298712;1195330;0;2;0;802
3;0;178;802;1409842064.239684748;1409842064.185302973;1195330;0;2;0;802
3;0;179;802;1409842064.240535625;1409842064.185307861;1195330;0;2;0;802
3;0;180;802;1409842064.241367923;1409842064.185312331;1195330;0;2;0;802
3;0;181;802;1409842064.242203993;1409842064.185316662;1195330;0;2;0;802
3;0;182;802;1409842064.243038457;1409842064.185320992;1195330;0;2;0;802
3;0;183;802;1409842064.243891219;1409842064.185325322;1195330;0;2;0;802
3;0;184;802;1409842064.244732737;1409842064.185329862;1195330;0;2;0;802
3;0;185;802;1409842064.245570623;1409842064.185333982;1195330;0;2;0;802
3;0;186;802;1409842064.246364229;1409842064.185338871;1195330;0;2;0;802
3;0;187;802;1409842064.247219017;1409842064.185344458;1195330;0;2;0;802
3;0;188;802;1409842064.248060534;1409842064.185348998;1195330;0;2;0;802
3;0;189;802;1409842064.248903798;1409842064.185353258;1195330;0;2;0;802
3;0;190;802;1409842064.249736655;1409842064.185357658;1195330;0;2;0;802
3;0;191;802;1409842064.250575519;1409842064.185361988;1195330;0;2;0;802
3;0;192;802;1409842064.251437221;1409842064.185366528;1195330;0;2;0;802
3;0;193;802;1409842064.252243818;1409842064.185370928;1195330;0;2;0;802
3;0;194;802;1409842064.253084567;1409842064.185375538;1195330;0;2;0;802
3;0;195;802;1409842064.253919100;1409842064.217085506;1195330;0;2;0;802
3;0;196;802;1409842064.254752307;1409842064.217103595;1195330;0;2;0;802
3;0;197;802;1409842064.255597736;1409842064.217111138;1195330;0;2;0;802
3;0;198;802;1409842064.256429545;1409842064.217119519;1195330;0;2;0;802
3;0;199;802;1409842064.257266244;1409842064.217127131;1195330;0;2;0;802
3;0;200;802;1409842064.258111254;1409842064.217134604;1195330;0;2;0;802
3;0;201;802;1409842064.258938873;1409842064.217141938;1195330;0;2;0;802
3;0;202;802;1409842064.259767819;1409842064.217154090;1195330;0;2;0;802
3;0;203;802;1409842064.260617299;1409842064.217158280;1195330;0;2;0;802
3;0;204;802;1409842064.261453718;1409842064.217162401;1195330;0;2;0;802
3;0;205;802;1409842064.262286645;1409842064.217166592;1195330;0;2;0;802
3;0;206;802;1409842064.263123204;1409842064.217170712;1195330;0;2;0;802
3;0;207;802;1409842064.263963115;1409842064.217175950;1195330;0;2;0;802
3;0;208;802;1409842064.264798836;1409842064.217180420;1195330;0;2;0;802
3;0;209;802;1409842064.265661306;1409842064.217184541;1195330;0;2;0;802
3;0;210;802;1409842064.266500309;1409842064.217189150;1195330;0;2;0;802
3;0;211;802;1409842064.267333306;1409842064.217193271;1195330;0;2;0;802
3;0;212;802;1409842064.268171541;1409842064.217197461;1195330;0;2;0;802
3;0;213;802;1409842064.269032335;1409842064.217201722;1195330;0;2;0;802
3;0;214;802;1409842064.269882234;1409842064.217205842;1195330;0;2;0;802
3;0;215;802;1409842064.270713135;1409842064.217210033;1195330;0;2;0;802
3;0;216;802;1409842064.271529440;1409842064.217214433;1195330;0;2;0;802
3;0;217;802;1409842064.272388139;1409842064.217218903;1195330;0;2;0;802
3;0;218;802;1409842064.273327993;1409842064.217223163;1195330;0;2;0;802
3;0;219;802;1409842064.274048057;1409842064.217227353;1195330;0;2;0;802
3;0;220;802;1409842064.274863105;1409842064.217231753;1195330;0;2;0;802
3;0;221;802;1409842064.275720406;1409842064.217235944;1195330;0;2;0;802
3;0;222;802;1409842064.276555638;1409842064.217239995;1195330;0;2;0;802
3;0;223;802;1409842064.277411613;1409842064.217244395;1195330;0;2;0;802
3;0;224;802;1409842064.278231410;1409842064.217248585;1195330;0;2;0;802
3;0;225;802;1409842064.279067689;1409842064.217252706;1195330;0;2;0;802
3;0;226;802;1409842064.279904807;1409842064.217256617;1195330;0;2;0;802
3;0;227;802;1409842064.280760642;1409842064.217260877;1195330;0;2;0;802
3;0;228;802;1409842064.281591334;1409842064.217265836;1195330;0;2;0;802
3;0;229;802;1409842064.282392973;1409842064.217270096;1195330;0;2;0;802
3;0;230;802;1409842064.283270808;1409842064.217274287;1195330;0;2;0;802
3;0;231;802;1409842064.284108554;1409842064.217278477;1195330;0;2;0;802
3;0;232;802;1409842064.284929608;1409842064.217283087;1195330;0;2;0;802
3;0;233;802;1409842064.285756459;1409842064.248868039;1195330;0;2;0;802
3;0;234;802;1409842064.286595462;1409842064.248879633;1195330;0;2;0;802
3;0;235;802;1409842064.287452345;1409842064.248887455;1195330;0;2;0;802
3;0;236;802;1409842064.288291139;1409842064.248895417;1195330;0;2;0;802
3;0;237;802;1409842064.289126860;1409842064.248910922;1195330;0;2;0;802
3;0;238;802;1409842064.289966631;1409842064.248919931;1195330;0;2;0;802
3;0;239;802;1409842064.290823584;1409842064.248927474;1195330;0;2;0;802
3;0;240;802;1409842064.291657978;1409842064.248934807;1195330;0;2;0;802
3;0;241;802;1409842064.292476448;1409842064.248942071;1195330;0;2;0;802
3;0;242;802;1409842064.293317476;1409842064.248953245;1195330;0;2;0;802
3;0;243;802;1409842064.294149077;1409842064.248957436;1195330;0;2;0;802
3;0;244;802;1409842064.294982423;1409842064.248961487;1195330;0;2;0;802
3;0;245;802;1409842064.295844823;1409842064.248965607;1195330;0;2;0;802
3;0;246;802;1409842064.296781744;1409842064.248969658;1195330;0;2;0;802
3;0;247;802;1409842064.297496080;1409842064.248973779;1195330;0;2;0;802
3;0;248;802;1409842064.298274462;1409842064.248978039;1195330;0;2;0;802
3;0;249;802;1409842064.299142519;1409842064.248982160;1195330;0;2;0;802
3;0;250;802;1409842064.299987179;1409842064.248986420;1195330;0;2;0;802
3;0;251;802;1409842064.300830443;1409842064.248990471;1195330;0;2;0;802
3;0;252;802;1409842064.301678945;1409842064.248994731;1195330;0;2;0;802
3;0;253;802;1409842064.302493294;1409842064.248998642;1195330;0;2;0;802
3;0;254;802;1409842064.303366869;1409842064.249002623;1195330;0;2;0;802
3;0;255;802;1409842064.304190018;1409842064.249006604;1195330;0;2;0;802
3;0;256;802;1409842064.305006393;1409842064.249010655;1195330;0;2;0;802
3;0;257;802;1409842064.305843161;1409842064.249014636;1195330;0;2;0;802
3;0;258;802;1409842064.306676089;1409842064.249018547;1195330;0;2;0;802
3;0;259;802;1409842064.307515860;1409842064.249022528;1195330;0;2;0;802
3;0;260;802;1409842064.308389854;1409842064.249026649;1195330;0;2;0;802
3;0;261;802;1409842064.309172146;1409842064.249030839;1195330;0;2;0;802
3;0;262;802;1409842064.309987753;1409842064.249034890;1195330;0;2;0;802
3;0;263;802;1409842064.310864401;1409842064.249038941;1195330;0;2;0;802
3;0;264;802;1409842064.311703963;1409842064.249043061;1195330;0;2;0;802
3;0;265;802;1409842064.312553372;1409842064.249047252;1195330;0;2;0;802
3;0;266;802;1409842064.313382598;1409842064.249051442;1195330;0;2;0;802
3;0;267;802;1409842064.314190382;1409842064.249055633;1195330;0;2;0;802
3;0;268;802;1409842064.315025544;1409842064.249059684;1195330;0;2;0;802
3;0;269;802;1409842064.315863221;1409842064.249063874;1195330;0;2;0;802
3;0;270;802;1409842064.316700478;1409842064.249067925;1195330;0;2;0;802
3;0;271;802;1409842064.317515945;1409842064.280769582;1195330;0;2;0;802
3;0;272;802;1409842064.318366542;1409842064.280799614;1195330;0;2;0;802
3;0;273;802;1409842064.319195208;1409842064.280859887;1195330;0;2;0;802
3;0;274;802;1409842064.320025901;1409842064.280870782;1195330;0;2;0;802
3;0;275;802;1409842064.320883761;1409842064.280881468;1195330;0;2;0;802
3;0;276;802;1409842064.321702441;1409842064.280891804;1195330;0;2;0;802
3;0;277;802;1409842064.322538790;1409842064.280903537;1195330;0;2;0;802
3;0;278;802;1409842064.323373463;1409842064.280913734;1195330;0;2;0;802
3;0;279;802;1409842064.324213165;1409842064.280924350;1195330;0;2;0;802
3;0;280;802;1409842064.325047908;1409842064.280935036;1195330;0;2;0;802
3;0;281;802;1409842064.325862188;1409842064.280945163;1195330;0;2;0;802
3;0;282;802;1409842064.326696232;1409842064.280956757;1195330;0;2;0;802
3;0;283;802;1409842064.327533629;1409842064.280967023;1195330;0;2;0;802
3;0;284;802;1409842064.328371026;1409842064.280977150;1195330;0;2;0;802
3;0;285;802;1409842064.329208214;1409842064.280986928;1195330;0;2;0;802
3;0;286;802;1409842064.330061325;1409842064.280997195;1195330;0;2;0;802
3;0;287;802;1409842064.330906055;1409842064.281007601;1195330;0;2;0;802
3;0;288;802;1409842064.331738493;1409842064.281017658;1195330;0;2;0;802
3;0;289;802;1409842064.332573097;1409842064.281027506;1195330;0;2;0;802
3;0;290;802;1409842064.333415592;1409842064.281037772;1195330;0;2;0;802
3;0;291;802;1409842064.334246773;1409842064.281048598;1195330;0;2;0;802
3;0;292;802;1409842064.335084729;1409842064.281059284;1195330;0;2;0;802
3;0;293;802;1409842064.335922685;1409842064.281069341;1195330;0;2;0;802
3;0;294;802;1409842064.336759802;1409842064.281079328;1195330;0;2;0;802
3;0;295;802;1409842064.337611238;1409842064.281089595;1195330;0;2;0;802
3;0;296;802;1409842064.338437879;1409842064.281099861;1195330;0;2;0;802
3;0;297;802;1409842064.339281073;1409842064.281109918;1195330;0;2;0;802
3;0;298;802;1409842064.340110508;1409842064.281122350;1195330;0;2;0;802
3;0;299;802;1409842064.340974165;1409842064.281133106;1195330;0;2;0;802
3;0;300;802;1409842064.341781810;1409842064.281143582;1195330;0;2;0;802
3;0;301;802;1409842064.342607683;1409842064.281153430;1195330;0;2;0;802
3;0;302;802;1409842064.343441797;1409842064.281163207;1195330;0;2;0;802
3;0;303;802;1409842064.344281639;1409842064.281174382;1195330;0;2;0;802
3;0;304;802;1409842064.345141106;1409842064.281184788;1195330;0;2;0;802
3;0;305;802;1409842064.345969703;1409842064.281194496;1195330;0;2;0;802
3;0;306;802;1409842064.346779792;1409842064.281204204;1195330;0;2;0;802
3;0;307;802;1409842064.347642820;1409842064.281214611;1195330;0;2;0;802
3;0;308;802;1409842064.348456052;1409842064.281224807;1195330;0;2;0;802
3;0;309;802;1409842064.349306929;1409842064.312560496;1195330;0;2;0;802
3;0;310;802;1409842064.350142929;1409842064.312611410;1195330;0;2;0;802
3;0;311;802;1409842064.350977532;1409842064.312626077;1195330;0;2;0;802
3;0;312;802;1409842064.351823450;1409842064.312637252;1195330;0;2;0;802
3;0;313;802;1409842064.352660148;1409842064.312647798;1195330;0;2;0;802
3;0;314;802;1409842064.353478549;1409842064.312659112;1195330;0;2;0;802
3;0;315;802;1409842064.354321253;1409842064.312689214;1195330;0;2;0;802
3;0;316;802;1409842064.355153063;1409842064.312703880;1195330;0;2;0;802
3;0;317;802;1409842064.355993184;1409842064.312714287;1195330;0;2;0;802
3;0;318;802;1409842064.356871927;1409842064.312724483;1195330;0;2;0;802
3;0;319;802;1409842064.357716657;1409842064.312735518;1195330;0;2;0;802
3;0;320;802;1409842064.358502023;1409842064.312745995;1195330;0;2;0;802
3;0;321;802;1409842064.359335089;1409842064.312755982;1195330;0;2;0;802
3;0;322;802;1409842064.360175140;1409842064.312766039;1195330;0;2;0;802
3;0;323;802;1409842064.361017775;1409842064.312776096;1195330;0;2;0;802
3;0;324;802;1409842064.361851052;1409842064.312786852;1195330;0;2;0;802
3;0;325;802;1409842064.362705281;1409842064.312796839;1195330;0;2;0;802
3;0;326;802;1409842064.363537230;1409842064.312860883;1195330;0;2;0;802
3;0;327;802;1409842064.364377909;1409842064.312876668;1195330;0;2;0;802
3;0;328;802;1409842064.365213002;1409842064.312888122;1195330;0;2;0;802
3;0;329;802;1409842064.366047465;1409842064.312899296;1195330;0;2;0;802
3;0;330;802;1409842064.366885421;1409842064.312910401;1195330;0;2;0;802
3;0;331;802;1409842064.367722888;1409842064.312924369;1195330;0;2;0;802
3;0;332;802;1409842064.368560634;1409842064.312938826;1195330;0;2;0;802
3;0;333;802;1409842064.369415980;1409842064.312951747;1195330;0;2;0;802
3;0;334;802;1409842064.370258895;1409842064.312963620;1195330;0;2;0;802
3;0;335;802;1409842064.371095174;1409842064.312975493;1195330;0;2;0;802
3;0;336;802;1409842064.371932641;1409842064.312987715;1195330;0;2;0;802
3;0;337;802;1409842064.372774717;1409842064.313001544;1195330;0;2;0;802
3;0;338;802;1409842064.373595562;1409842064.313012998;1195330;0;2;0;802
3;0;339;802;1409842064.374401600;1409842064.313024382;1195330;0;2;0;802
3;0;340;802;1409842064.375262813;1409842064.313035976;1195330;0;2;0;802
3;0;341;802;1409842064.376123258;1409842064.313047360;1195330;0;2;0;802
3;0;342;802;1409842064.376935861;1409842064.313059372;1195330;0;2;0;802
3;0;343;802;1409842064.377760058;1409842064.313071525;1195330;0;2;0;802
3;0;344;802;1409842064.378614776;1409842064.313083188;1195330;0;2;0;802
3;0;345;802;1409842064.379433246;1409842064.313093804;1195330;0;2;0;802
3;0;346;802;1409842064.380269874;1409842064.313104420;1195330;0;2;0;802
3;0;347;802;1409842064.381108598;1409842064.344164375;1195330;0;2;0;802
3;0;348;802;1409842064.381951164;1409842064.344183093;1195330;0;2;0;802
3;0;349;802;1409842064.382781158;1409842064.344191055;1195330;0;2;0;802
3;0;350;802;1409842064.383617996;1409842064.344198318;1195330;0;2;0;802
3;0;351;802;1409842064.384478790;1409842064.344205582;1195330;0;2;0;802
3;0;352;802;1409842064.385301590;1409842064.344212985;1195330;0;2;0;802
3;0;353;802;1409842064.386139196;1409842064.344220109;1195330;0;2;0;802
3;0;354;802;1409842064.386975476;1409842064.344227652;1195330;0;2;0;802
3;0;355;802;1409842064.387809660;1409842064.344235055;1195330;0;2;0;802
3;0;356;802;1409842064.388644752;1409842064.344243785;1195330;0;2;0;802
3;0;357;802;1409842064.389476632;1409842064.344252515;1195330;0;2;0;802
3;0;358;802;1409842064.390310607;1409842064.344259709;1195330;0;2;0;802
3;0;359;802;1409842064.391157432;1409842064.344266972;1195330;0;2;0;802
3;0;360;802;1409842064.391984563;1409842064.344274934;1195330;0;2;0;802
3;0;361;802;1409842064.392845845;1409842064.344282686;1195330;0;2;0;802
3;0;362;802;1409842064.393668785;1409842064.344290020;1195330;0;2;0;802
3;0;363;802;1409842064.394505623;1409842064.344297493;1195330;0;2;0;802
3;0;364;802;1409842064.395339389;1409842064.344309226;1195330;0;2;0;802
3;0;365;802;1409842064.396184119;1409842064.344313207;1195330;0;2;0;802
3;0;366;802;1409842064.397012925;1409842064.344322985;1195330;0;2;0;802
3;0;367;802;1409842064.397851719;1409842064.344327175;1195330;0;2;0;802
3;0;368;802;1409842064.398688557;1409842064.344331366;1195330;0;2;0;802
3;0;369;802;1409842064.399517015;1409842064.344335486;1195330;0;2;0;802
3;0;370;802;1409842064.400365447;1409842064.344339607;1195330;0;2;0;802
3;0;371;802;1409842064.401221491;1409842064.344343728;1195330;0;2;0;802
3;0;372;802;1409842064.402030253;1409842064.344347848;1195330;0;2;0;802
3;0;373;802;1409842064.402895028;1409842064.344351899;1195330;0;2;0;802
3;0;374;802;1409842064.403694292;1409842064.344356090;1195330;0;2;0;802
3;0;375;802;1409842064.404545308;1409842064.344360350;1195330;0;2;0;802
3;0;376;802;1409842064.405353022;1409842064.344364540;1195330;0;2;0;802
3;0;377;802;1409842064.406219124;1409842064.344368591;1195330;0;2;0;802
3;0;378;802;1409842064.407065950;1409842064.344372712;1195330;0;2;0;802
3;0;379;802;1409842064.407898108;1409842064.344377112;1195330;0;2;0;802
3;0;380;802;1409842064.408726845;1409842064.344381232;1195330;0;2;0;802
3;0;381;802;1409842064.409569550;1409842064.344385283;1195330;0;2;0;802
3;0;382;802;1409842064.410397728;1409842064.344389194;1195330;0;2;0;802
3;0;383;802;1409842064.411238757;1409842064.344393385;1195330;0;2;0;802
3;0;384;802;1409842064.412072522;1409842064.344397645;1195330;0;2;0;802
3;0;385;802;1409842064.412911386;1409842064.375960947;1195330;0;2;0;802
3;0;386;802;1409842064.413747526;1409842064.375978686;1195330;0;2;0;802
3;0;387;802;1409842064.414592396;1409842064.375986858;1195330;0;2;0;802
3;0;388;802;1409842064.415443831;1409842064.375994121;1195330;0;2;0;802
3;0;389;802;1409842064.416275990;1409842064.376001245;1195330;0;2;0;802
3;0;390;802;1409842064.417111082;1409842064.376008718;1195330;0;2;0;802
3;0;391;802;1409842064.417949177;1409842064.376016051;1195330;0;2;0;802
3;0;392;802;1409842064.418782803;1409842064.376023315;1195330;0;2;0;802
3;0;393;802;1409842064.419581997;1409842064.376031626;1195330;0;2;0;802
3;0;394;802;1409842064.420465978;1409842064.376078909;1195330;0;2;0;802
3;0;395;802;1409842064.421298556;1409842064.376089245;1195330;0;2;0;802
3;0;396;802;1409842064.422135813;1409842064.376096578;1195330;0;2;0;802
3;0;397;802;1409842064.422969438;1409842064.376107753;1195330;0;2;0;802
3;0;398;802;1409842064.423811654;1409842064.376117251;1195330;0;2;0;802
3;0;399;802;1409842064.424644931;1409842064.376121442;1195330;0;2;0;802
3;0;400;802;1409842064.425481629;1409842064.376126051;1195330;0;2;0;802
3;0;401;802;1409842064.426320772;1409842064.376130661;1195330;0;2;0;802
3;0;402;802;1409842064.427155865;1409842064.376134851;1195330;0;2;0;802
3;0;403;802;1409842064.427990608;1409842064.376139182;1195330;0;2;0;802
3;0;404;802;1409842064.428832265;1409842064.376143442;1195330;0;2;0;802
3;0;405;802;1409842064.429672316;1409842064.376147702;1195330;0;2;0;802
3;0;406;802;1409842064.430501751;1409842064.376151963;1195330;0;2;0;802
3;0;407;802;1409842064.431340126;1409842064.376156363;1195330;0;2;0;802
3;0;408;802;1409842064.432175148;1409842064.376160413;1195330;0;2;0;802
3;0;409;802;1409842064.433011777;1409842064.376165232;1195330;0;2;0;802
3;0;410;802;1409842064.433876761;1409842064.376169702;1195330;0;2;0;802
3;0;411;802;1409842064.434689574;1409842064.376173753;1195330;0;2;0;802
3;0;412;802;1409842064.435526482;1409842064.376177874;1195330;0;2;0;802
3;0;413;802;1409842064.436360317;1409842064.376181994;1195330;0;2;0;802
3;0;414;802;1409842064.437196038;1409842064.376186045;1195330;0;2;0;802
3;0;415;802;1409842064.438034902;1409842064.376190305;1195330;0;2;0;802
3;0;416;802;1409842064.438898210;1409842064.376194566;1195330;0;2;0;802
3;0;417;802;1409842064.439683435;1409842064.376198547;1195330;0;2;0;802
3;0;418;802;1409842064.440537175;1409842064.376202667;1195330;0;2;0;802
3;0;419;802;1409842064.441361512;1409842064.376206788;1195330;0;2;0;802
3;0;420;802;1409842064.442199258;1409842064.376210909;1195330;0;2;0;802
3;0;421;802;1409842064.443034769;1409842064.376214959;1195330;0;2;0;802
3;0;422;802;1409842064.443901849;1409842064.376219150;1195330;0;2;0;802
3;0;423;802;1409842064.444700065;1409842064.407829175;1195330;0;2;0;802
3;0;424;802;1409842064.445554433;1409842064.407845029;1195330;0;2;0;802
3;0;425;802;1409842064.446415367;1409842064.407853829;1195330;0;2;0;802
3;0;426;802;1409842064.447208834;1409842064.407861372;1195330;0;2;0;802
3;0;427;802;1409842064.448062085;1409842064.407871010;1195330;0;2;0;802
3;0;428;802;1409842064.448884186;1409842064.407878413;1195330;0;2;0;802
3;0;429;802;1409842064.449719977;1409842064.407885607;1195330;0;2;0;802
3;0;430;802;1409842064.450575952;1409842064.407893150;1195330;0;2;0;802
3;0;431;802;1409842064.451404898;1409842064.407901182;1195330;0;2;0;802
3;0;432;802;1409842064.452240619;1409842064.407908585;1195330;0;2;0;802
3;0;433;802;1409842064.453077387;1409842064.407916756;1195330;0;2;0;802
3;0;434;802;1409842064.453917089;1409842064.407923950;1195330;0;2;0;802
3;0;435;802;1409842064.454746594;1409842064.407931074;1195330;0;2;0;802
3;0;436;802;1409842064.455592162;1409842064.407938197;1195330;0;2;0;802
3;0;437;802;1409842064.456424531;1409842064.407945391;1195330;0;2;0;802
3;0;438;802;1409842064.457329813;1409842064.407952375;1195330;0;2;0;802
3;0;439;802;1409842064.458100023;1409842064.407965296;1195330;0;2;0;802
3;0;440;802;1409842064.458932950;1409842064.407969416;1195330;0;2;0;802
3;0;441;802;1409842064.459761896;1409842064.407973537;1195330;0;2;0;802
3;0;442;802;1409842064.460610887;1409842064.407977658;1195330;0;2;0;802
3;0;443;802;1409842064.461443605;1409842064.407981778;1195330;0;2;0;802
3;0;444;802;1409842064.462279814;1409842064.407985969;1195330;0;2;0;802
3;0;445;802;1409842064.463120284;1409842064.407989950;1195330;0;2;0;802
3;0;446;802;1409842064.463955027;1409842064.407993861;1195330;0;2;0;802
3;0;447;802;1409842064.464792424;1409842064.407997982;1195330;0;2;0;802
3;0;448;802;1409842064.465633523;1409842064.408002312;1195330;0;2;0;802
3;0;449;802;1409842064.466465333;1409842064.408006293;1195330;0;2;0;802
3;0;450;802;1409842064.467303917;1409842064.408011042;1195330;0;2;0;802
3;0;451;802;1409842064.468138520;1409842064.408015232;1195330;0;2;0;802
3;0;452;802;1409842064.468974451;1409842064.408019423;1195330;0;2;0;802
3;0;453;802;1409842064.469817435;1409842064.408023404;1195330;0;2;0;802
3;0;454;802;1409842064.470650572;1409842064.408027804;1195330;0;2;0;802
3;0;455;802;1409842064.471490762;1409842064.408031994;1195330;0;2;0;802
3;0;456;802;1409842064.472322991;1409842064.408036045;1195330;0;2;0;802
3;0;457;802;1409842064.473157664;1409842064.408040236;1195330;0;2;0;802
3;0;458;802;1409842064.473997017;1409842064.408044496;1195330;0;2;0;802
3;0;459;802;1409842064.474860814;1409842064.408048826;1195330;0;2;0;802
3;0;460;802;1409842064.475666852;1409842064.408053156;1195330;0;2;0;802
3;0;461;802;1409842064.476509906;1409842064.439545778;1195330;0;2;0;802
3;0;462;802;1409842064.477344579;1409842064.439555975;1195330;0;2;0;802
3;0;463;802;1409842064.478177995;1409842064.439563658;1195330;0;2;0;802
3;0;464;802;1409842064.479017767;1409842064.439570991;1195330;0;2;0;802
3;0;465;802;1409842064.479881634;1409842064.439578045;1195330;0;2;0;802
3;0;466;802;1409842064.480682364;1409842064.439585658;1195330;0;2;0;802
3;0;467;802;1409842064.481533380;1409842064.439593131;1195330;0;2;0;802
3;0;468;802;1409842064.482363653;1409842064.439600534;1195330;0;2;0;802
3;0;469;802;1409842064.483201120;1409842064.439607518;1195330;0;2;0;802
3;0;470;802;1409842064.484038517;1409842064.439614642;1195330;0;2;0;802
3;0;471;802;1409842064.484902524;1409842064.439621905;1195330;0;2;0;802
3;0;472;802;1409842064.485701508;1409842064.439633499;1195330;0;2;0;802
3;0;473;802;1409842064.486567889;1409842064.439640902;1195330;0;2;0;802
3;0;474;802;1409842064.487390061;1409842064.439645512;1195330;0;2;0;802
3;0;475;802;1409842064.488223616;1409842064.439650261;1195330;0;2;0;802
3;0;476;802;1409842064.489059337;1409842064.439655010;1195330;0;2;0;802
3;0;477;802;1409842064.489897642;1409842064.439659131;1195330;0;2;0;802
3;0;478;802;1409842064.490723306;1409842064.439666115;1195330;0;2;0;802
3;0;479;802;1409842064.491581096;1409842064.439671353;1195330;0;2;0;802
3;0;480;802;1409842064.492406620;1409842064.439675753;1195330;0;2;0;802
3;0;481;802;1409842064.493242411;1409842064.439680293;1195330;0;2;0;802
3;0;482;802;1409842064.494075757;1409842064.439684693;1195330;0;2;0;802
3;0;483;802;1409842064.494915808;1409842064.439688953;1195330;0;2;0;802
3;0;484;802;1409842064.495753624;1409842064.439693842;1195330;0;2;0;802
3;0;485;802;1409842064.496588716;1409842064.439698102;1195330;0;2;0;802
3;0;486;802;1409842064.497443225;1409842064.439702223;1195330;0;2;0;802
3;0;487;802;1409842064.498306323;1409842064.439706693;1195330;0;2;0;802
3;0;488;802;1409842064.499150844;1409842064.439711093;1195330;0;2;0;802
3;0;489;802;1409842064.499982304;1409842064.439715283;1195330;0;2;0;802
3;0;490;802;1409842064.500847289;1409842064.439719404;1195330;0;2;0;802
3;0;491;802;1409842064.501679657;1409842064.439725480;1195330;0;2;0;802
3;0;492;802;1409842064.502520127;1409842064.439729810;1195330;0;2;0;802
3;0;493;802;1409842064.503312546;1409842064.439733791;1195330;0;2;0;802
3;0;494;802;1409842064.504153785;1409842064.439738051;1195330;0;2;0;802
3;0;495;802;1409842064.505012693;1409842064.439742102;1195330;0;2;0;802
3;0;496;802;1409842064.505823760;1409842064.439746293;1195330;0;2;0;802
3;0;497;802;1409842064.506669188;1409842064.439750483;1195330;0;2;0;802
3;0;498;802;1409842064.507632369;1409842064.439754604;1195330;0;2;0;802
3;0;499;802;1409842064.508452446;1409842064.471455981;1195330;0;2;0;802
3;0;500;802;1409842064.509275665;1409842064.471467715;1195330;0;2;0;802
3;0;501;802;1409842064.510143094;1409842064.471475188;1195330;0;2;0;802
3;0;502;802;1409842064.510974624;1409842064.471482451;1195330;0;2;0;802
3;0;503;802;1409842064.511808878;1409842064.471489645;1195330;0;2;0;802
3;0;504;802;1409842064.512648301;1409842064.471496978;1195330;0;2;0;802
3;0;505;802;1409842064.513485628;1409842064.471505429;1195330;0;2;0;802
3;0;506;802;1409842064.514326656;1409842064.471512623;1195330;0;2;0;802
3;0;507;802;1409842064.515160212;1409842064.471520026;1195330;0;2;0;802
3;0;508;802;1409842064.515999844;1409842064.471527219;1195330;0;2;0;802
3;0;509;802;1409842064.516839685;1409842064.471534343;1195330;0;2;0;802
3;0;510;802;1409842064.517671425;1409842064.471544121;1195330;0;2;0;802
3;0;511;802;1409842064.518509172;1409842064.471548451;1195330;0;2;0;802
3;0;512;802;1409842064.519345940;1409842064.471552502;1195330;0;2;0;802
3;0;513;802;1409842064.520184524;1409842064.471556623;1195330;0;2;0;802
3;0;514;802;1409842064.521016334;1409842064.471560604;1195330;0;2;0;802
3;0;515;802;1409842064.521856315;1409842064.471564585;1195330;0;2;0;802
3;0;516;802;1409842064.522691268;1409842064.471568635;1195330;0;2;0;802
3;0;517;802;1409842064.523531179;1409842064.471572616;1195330;0;2;0;802
3;0;518;802;1409842064.524363408;1409842064.471576597;1195330;0;2;0;802
3;0;519;802;1409842064.525198779;1409842064.471580648;1195330;0;2;0;802
3;0;520;802;1409842064.526040786;1409842064.471584699;1195330;0;2;0;802
3;0;521;802;1409842064.526877973;1409842064.471588610;1195330;0;2;0;802
3;0;522;802;1409842064.527714742;1409842064.471592591;1195330;0;2;0;802
3;0;523;802;1409842064.528548158;1409842064.471596642;1195330;0;2;0;802
3;0;524;802;1409842064.529384717;1409842064.471600692;1195330;0;2;0;802
3;0;525;802;1409842064.530230075;1409842064.471604604;1195330;0;2;0;802
3;0;526;802;1409842064.531059161;1409842064.471608654;1195330;0;2;0;802
3;0;527;802;1409842064.531895720;1409842064.471612635;1195330;0;2;0;802
3;0;528;802;1409842064.532735143;1409842064.471616756;1195330;0;2;0;802
3;0;529;802;1409842064.533568838;1409842064.471620737;1195330;0;2;0;802
3;0;530;802;1409842064.534409098;1409842064.471624578;1195330;0;2;0;802
3;0;531;802;1409842064.535210108;1409842064.471628629;1195330;0;2;0;802
3;0;532;802;1409842064.536008534;1409842064.471632680;1195330;0;2;0;802
3;0;533;802;1409842064.536945524;1409842064.471636661;1195330;0;2;0;802
3;0;534;802;1409842064.537756172;1409842064.471640572;1195330;0;2;0;802
3;0;535;802;1409842064.538592661;1409842064.471644553;1195330;0;2;0;802
3;0;536;802;1409842064.539400795;1409842064.471648534;1195330;0;2;0;802
3;0;537;802;1409842064.540248109;1409842064.503295924;1195330;0;2;0;802
3;0;538;802;1409842064.541083900;1409842064.503326026;1195330;0;2;0;802
3;0;539;802;1409842064.541919690;1409842064.503338527;1195330;0;2;0;802
3;0;540;802;1409842064.542753037;1409842064.503350261;1195330;0;2;0;802
3;0;541;802;1409842064.543584497;1409842064.503361994;1195330;0;2;0;802
3;0;542;802;1409842064.544426713;1409842064.503374146;1195330;0;2;0;802
3;0;543;802;1409842064.545263063;1409842064.503386299;1195330;0;2;0;802
3;0;544;802;1409842064.546113590;1409842064.503398032;1195330;0;2;0;802
3;0;545;802;1409842064.547116720;1409842064.503409486;1195330;0;2;0;802
3;0;546;802;1409842064.547765126;1409842064.503420172;1195330;0;2;0;802
3;0;547;802;1409842064.548598892;1409842064.503432045;1195330;0;2;0;802
3;0;548;802;1409842064.549431051;1409842064.503442730;1195330;0;2;0;802
3;0;549;802;1409842064.550271590;1409842064.503454184;1195330;0;2;0;802
3;0;550;802;1409842064.551139857;1409842064.503465150;1195330;0;2;0;802
3;0;551;802;1409842064.551966010;1409842064.503476464;1195330;0;2;0;802
3;0;552;802;1409842064.552791464;1409842064.503506705;1195330;0;2;0;802
3;0;553;802;1409842064.553655959;1409842064.503523188;1195330;0;2;0;802
3;0;554;802;1409842064.554486093;1409842064.503533943;1195330;0;2;0;802
3;0;555;802;1409842064.555352195;1409842064.503544140;1195330;0;2;0;802
3;0;556;802;1409842064.556119471;1409842064.503554616;1195330;0;2;0;802
3;0;557;802;1409842064.556940525;1409842064.503564673;1195330;0;2;0;802
3;0;558;802;1409842064.557776665;1409842064.503576267;1195330;0;2;0;802
3;0;559;802;1409842064.558604424;1409842064.503587442;1195330;0;2;0;802
3;0;560;802;1409842064.559454532;1409842064.503598057;1195330;0;2;0;802
3;0;561;802;1409842064.560287738;1409842064.503607905;1195330;0;2;0;802
3;0;562;802;1409842064.561148323;1409842064.503618242;1195330;0;2;0;802
3;0;563;802;1409842064.561998082;1409842064.503628299;1195330;0;2;0;802
3;0;564;802;1409842064.562812710;1409842064.503639054;1195330;0;2;0;802
3;0;565;802;1409842064.563625314;1409842064.503649042;1195330;0;2;0;802
3;0;566;802;1409842064.564474863;1409842064.503658889;1195330;0;2;0;802
3;0;567;802;1409842064.565288514;1409842064.503670553;1195330;0;2;0;802
3;0;568;802;1409842064.566127867;1409842064.503681029;1195330;0;2;0;802
3;0;569;802;1409842064.567071353;1409842064.503690946;1195330;0;2;0;802
3;0;570;802;1409842064.567796235;1409842064.503701842;1195330;0;2;0;802
3;0;571;802;1409842064.568639988;1409842064.503713365;1195330;0;2;0;802
3;0;572;802;1409842064.569474940;1409842064.503723911;1195330;0;2;0;802
3;0;573;802;1409842064.570320928;1409842064.503734038;1195330;0;2;0;802
3;0;574;802;1409842064.571146591;1409842064.503745772;1195330;0;2;0;802
3;0;575;802;1409842064.571983011;1409842064.535136845;1195330;0;2;0;802
3;0;576;802;1409842064.572833677;1409842064.535161568;1195330;0;2;0;802
3;0;577;802;1409842064.573659341;1409842064.535173511;1195330;0;2;0;802
3;0;578;802;1409842064.574494224;1409842064.535184756;1195330;0;2;0;802
3;0;579;802;1409842064.575332040;1409842064.535195721;1195330;0;2;0;802
3;0;580;802;1409842064.576176631;1409842064.535206476;1195330;0;2;0;802
3;0;581;802;1409842064.577001107;1409842064.535216603;1195330;0;2;0;802
3;0;582;802;1409842064.577837107;1409842064.535227499;1195330;0;2;0;802
3;0;583;802;1409842064.578668498;1409842064.535237695;1195330;0;2;0;802
3;0;584;802;1409842064.579511272;1409842064.535247962;1195330;0;2;0;802
3;0;585;802;1409842064.580356142;1409842064.535257880;1195330;0;2;0;802
3;0;586;802;1409842064.581183831;1409842064.535268775;1195330;0;2;0;802
3;0;587;802;1409842064.582040295;1409842064.535278902;1195330;0;2;0;802
3;0;588;802;1409842064.582857718;1409842064.535289168;1195330;0;2;0;802
3;0;589;802;1409842064.583698676;1409842064.535298946;1195330;0;2;0;802
3;0;590;802;1409842064.584523432;1409842064.535310261;1195330;0;2;0;802
3;0;591;802;1409842064.585375356;1409842064.535321505;1195330;0;2;0;802
3;0;592;802;1409842064.586226512;1409842064.535331772;1195330;0;2;0;802
3;0;593;802;1409842064.587041769;1409842064.535341619;1195330;0;2;0;802
3;0;594;802;1409842064.587884614;1409842064.535351956;1195330;0;2;0;802
3;0;595;802;1409842064.588718798;1409842064.535362781;1195330;0;2;0;802
3;0;596;802;1409842064.589554379;1409842064.535373746;1195330;0;2;0;802
3;0;597;802;1409842064.590388354;1409842064.535384921;1195330;0;2;0;802
3;0;598;802;1409842064.591233922;1409842064.535395956;1195330;0;2;0;802
3;0;599;802;1409842064.592063776;1409842064.535406851;1195330;0;2;0;802
3;0;600;802;1409842064.592892723;1409842064.535418095;1195330;0;2;0;802
3;0;601;802;1409842064.593737313;1409842064.535428222;1195330;0;2;0;802
3;0;602;802;1409842064.594570450;1409842064.535438000;1195330;0;2;0;802
3;0;603;802;1409842064.595407637;1409842064.535448057;1195330;0;2;0;802
3;0;604;802;1409842064.596257327;1409842064.535459302;1195330;0;2;0;802
3;0;605;802;1409842064.597085085;1409842064.535472013;1195330;0;2;0;802
3;0;606;802;1409842064.597929816;1409842064.535482419;1195330;0;2;0;802
3;0;607;802;1409842064.598760019;1409842064.535493524;1195330;0;2;0;802
3;0;608;802;1409842064.599604051;1409842064.535503861;1195330;0;2;0;802
3;0;609;802;1409842064.600428667;1409842064.535514197;1195330;0;2;0;802
3;0;610;802;1409842064.601271023;1409842064.535524184;1195330;0;2;0;802
3;0;611;802;1409842064.602104858;1409842064.535534242;1195330;0;2;0;802
3;0;612;802;1409842064.602952871;1409842064.535545346;1195330;0;2;0;802
3;0;613;802;1409842064.603791106;1409842064.566822089;1195330;0;2;0;802
3;0;614;802;1409842064.604628503;1409842064.566835638;1195330;0;2;0;802
3;0;615;802;1409842064.605458078;1409842064.566841645;1195330;0;2;0;802
3;0;616;802;1409842064.606286186;1409842064.566847232;1195330;0;2;0;802
3;0;617;802;1409842064.607126446;1409842064.566853448;1195330;0;2;0;802
3;0;618;802;1409842064.607978230;1409842064.566859105;1195330;0;2;0;802
3;0;619;802;1409842064.608811227;1409842064.566864762;1195330;0;2;0;802
3;0;620;802;1409842064.609651278;1409842064.566870629;1195330;0;2;0;802
3;0;621;802;1409842064.610489234;1409842064.566876286;1195330;0;2;0;802
3;0;622;802;1409842064.611325514;1409842064.566881943;1195330;0;2;0;802
3;0;623;802;1409842064.612153063;1409842064.566887600;1195330;0;2;0;802
3;0;624;802;1409842064.612984803;1409842064.566894165;1195330;0;2;0;802
3;0;625;802;1409842064.613817451;1409842064.566899892;1195330;0;2;0;802
3;0;626;802;1409842064.614679641;1409842064.566905479;1195330;0;2;0;802
3;0;627;802;1409842064.615543368;1409842064.566911905;1195330;0;2;0;802
3;0;628;802;1409842064.616370918;1409842064.566917841;1195330;0;2;0;802
3;0;629;802;1409842064.617211947;1409842064.566923289;1195330;0;2;0;802
3;0;630;802;1409842064.618042639;1409842064.566931670;1195330;0;2;0;802
3;0;631;802;1409842064.618888417;1409842064.566947524;1195330;0;2;0;802
3;0;632;802;1409842064.619743344;1409842064.566954368;1195330;0;2;0;802
3;0;633;802;1409842064.620558182;1409842064.566961422;1195330;0;2;0;802
3;0;634;802;1409842064.621389992;1409842064.566967149;1195330;0;2;0;802
3;0;635;802;1409842064.622229414;1409842064.566973086;1195330;0;2;0;802
3;0;636;802;1409842064.623062271;1409842064.566979092;1195330;0;2;0;802
3;0;637;802;1409842064.623907281;1409842064.566984679;1195330;0;2;0;802
3;0;638;802;1409842064.624702634;1409842064.566990337;1195330;0;2;0;802
3;0;639;802;1409842064.625584589;1409842064.566997321;1195330;0;2;0;802
3;0;640;802;1409842064.626476183;1409842064.567003397;1195330;0;2;0;802
3;0;641;802;1409842064.627250444;1409842064.567009124;1195330;0;2;0;802
3;0;642;802;1409842064.628083511;1409842064.567015200;1195330;0;2;0;802
3;0;643;802;1409842064.628933409;1409842064.567021137;1195330;0;2;0;802
3;0;644;802;1409842064.629766616;1409842064.567027003;1195330;0;2;0;802
3;0;645;802;1409842064.630578032;1409842064.567032730;1195330;0;2;0;802
3;0;646;802;1409842064.631413473;1409842064.567038597;1195330;0;2;0;802
3;0;647;802;1409842064.632316730;1409842064.567044533;1195330;0;2;0;802
3;0;648;802;1409842064.633150915;1409842064.567050819;1195330;0;2;0;802
3;0;649;802;1409842064.633923778;1409842064.567056616;1195330;0;2;0;802
3;0;650;802;1409842064.634825080;1409842064.567062273;1195330;0;2;0;802
3;0;651;802;1409842064.635594382;1409842064.598604902;1195330;0;2;0;802
3;0;652;802;1409842064.636432268;1409842064.598612165;1195330;0;2;0;802
3;0;653;802;1409842064.637269106;1409842064.598616425;1195330;0;2;0;802
3;0;654;802;1409842064.638107760;1409842064.598620546;1195330;0;2;0;802
3;0;655;802;1409842064.638942154;1409842064.598624946;1195330;0;2;0;802
3;0;656;802;1409842064.639789189;1409842064.598629206;1195330;0;2;0;802
3;0;657;802;1409842064.640617856;1409842064.598633327;1195330;0;2;0;802
3;0;658;802;1409842064.641452389;1409842064.598637727;1195330;0;2;0;802
3;0;659;802;1409842064.642287482;1409842064.598641987;1195330;0;2;0;802
3;0;660;802;1409842064.643157634;1409842064.598646108;1195330;0;2;0;802
3;0;661;802;1409842064.643984066;1409842064.598650229;1195330;0;2;0;802
3;0;662;802;1409842064.644828796;1409842064.598654419;1195330;0;2;0;802
3;0;663;802;1409842064.645658162;1409842064.598658610;1195330;0;2;0;802
3;0;664;802;1409842064.646489762;1409842064.598662800;1195330;0;2;0;802
3;0;665;802;1409842064.647318498;1409842064.598666921;1195330;0;2;0;802
3;0;666;802;1409842064.648163788;1409842064.598671111;1195330;0;2;0;802
3;0;667;802;1409842064.649070746;1409842064.598675232;1195330;0;2;0;802
3;0;668;802;1409842064.649903464;1409842064.598679283;1195330;0;2;0;802
3;0;669;802;1409842064.650684150;1409842064.598683333;1195330;0;2;0;802
3;0;670;802;1409842064.651509814;1409842064.598687454;1195330;0;2;0;802
3;0;671;802;1409842064.652378011;1409842064.598691784;1195330;0;2;0;802
3;0;672;802;1409842064.653188798;1409842064.598695905;1195330;0;2;0;802
3;0;673;802;1409842064.654024239;1409842064.598700165;1195330;0;2;0;802
3;0;674;802;1409842064.654865338;1409842064.598704495;1195330;0;2;0;802
3;0;675;802;1409842064.655766221;1409842064.598709105;1195330;0;2;0;802
3;0;676;802;1409842064.656534265;1409842064.598713295;1195330;0;2;0;802
3;0;677;802;1409842064.657374875;1409842064.598717416;1195330;0;2;0;802
3;0;678;802;1409842064.658209339;1409842064.598721257;1195330;0;2;0;802
3;0;679;802;1409842064.659044710;1409842064.598726006;1195330;0;2;0;802
3;0;680;802;1409842064.659918285;1409842064.598730895;1195330;0;2;0;802
3;0;681;802;1409842064.660783339;1409842064.598735016;1195330;0;2;0;802
3;0;682;802;1409842064.661553828;1409842064.598742000;1195330;0;2;0;802
3;0;683;802;1409842064.662376978;1409842064.598747378;1195330;0;2;0;802
3;0;684;802;1409842064.663212070;1409842064.598767632;1195330;0;2;0;802
3;0;685;802;1409842064.664047092;1409842064.598771892;1195330;0;2;0;802
3;0;686;802;1409842064.664887911;1409842064.598775943;1195330;0;2;0;802
3;0;687;802;1409842064.665783486;1409842064.598780064;1195330;0;2;0;802
3;0;688;802;1409842064.666557398;1409842064.598784184;1195330;0;2;0;802
3;0;689;802;1409842064.667395702;1409842064.630501346;1195330;0;2;0;802
3;0;690;802;1409842064.668234566;1409842064.630519435;1195330;0;2;0;802
3;0;691;802;1409842064.669067004;1409842064.630532984;1195330;0;2;0;802
3;0;692;802;1409842064.669905309;1409842064.630538641;1195330;0;2;0;802
3;0;693;802;1409842064.670749271;1409842064.630543390;1195330;0;2;0;802
3;0;694;802;1409842064.671577589;1409842064.630548629;1195330;0;2;0;802
3;0;695;802;1409842064.672415056;1409842064.630554705;1195330;0;2;0;802
3;0;696;802;1409842064.673250846;1409842064.630561200;1195330;0;2;0;802
3;0;697;802;1409842064.674089501;1409842064.630566368;1195330;0;2;0;802
3;0;698;802;1409842064.674952180;1409842064.630571048;1195330;0;2;0;802
3;0;699;802;1409842064.675826593;1409842064.630576286;1195330;0;2;0;802
3;0;700;802;1409842064.676600784;1409842064.630581175;1195330;0;2;0;802
3;0;701;802;1409842064.677436365;1409842064.630586133;1195330;0;2;0;802
3;0;702;802;1409842064.678271666;1409842064.630591302;1195330;0;2;0;802
3;0;703;802;1409842064.679110530;1409842064.630596190;1195330;0;2;0;802
3;0;704;802;1409842064.679945273;1409842064.630601149;1195330;0;2;0;802
3;0;705;802;1409842064.680791121;1409842064.630605759;1195330;0;2;0;802
3;0;706;802;1409842064.681621464;1409842064.630610438;1195330;0;2;0;802
3;0;707;802;1409842064.682455788;1409842064.630615187;1195330;0;2;0;802
3;0;708;802;1409842064.683295071;1409842064.630619936;1195330;0;2;0;802
3;0;709;802;1409842064.684131839;1409842064.630629575;1195330;0;2;0;802
3;0;710;802;1409842064.684965534;1409842064.630635302;1195330;0;2;0;802
3;0;711;802;1409842064.685811731;1409842064.630640330;1195330;0;2;0;802
3;0;712;802;1409842064.686635649;1409842064.630645359;1195330;0;2;0;802
3;0;713;802;1409842064.687476398;1409842064.630650317;1195330;0;2;0;802
3;0;714;802;1409842064.688313516;1409842064.630655276;1195330;0;2;0;802
3;0;715;802;1409842064.689150634;1409842064.630660165;1195330;0;2;0;802
3;0;716;802;1409842064.689989288;1409842064.630665473;1195330;0;2;0;802
3;0;717;802;1409842064.690822564;1409842064.630670362;1195330;0;2;0;802
3;0;718;802;1409842064.691666456;1409842064.630675321;1195330;0;2;0;802
3;0;719;802;1409842064.692491352;1409842064.630680838;1195330;0;2;0;802
3;0;720;802;1409842064.693332800;1409842064.630685867;1195330;0;2;0;802
3;0;721;802;1409842064.694173060;1409842064.630692362;1195330;0;2;0;802
3;0;722;802;1409842064.696824305;1409842064.630697321;1195330;0;2;0;802
3;0;723;802;1409842064.696829124;1409842064.630702070;1195330;0;2;0;802
3;0;724;802;1409842064.696832965;1409842064.630707029;1195330;0;2;0;802
3;0;725;802;1409842064.697493175;1409842064.630712057;1195330;0;2;0;802
3;0;726;802;1409842064.698330362;1409842064.630717225;1195330;0;2;0;802
3;0;727;802;1409842064.699165944;1409842064.662340241;1195330;0;2;0;802
3;0;728;802;1409842064.700004668;1409842064.662351905;1195330;0;2;0;802
3;0;729;802;1409842064.700876636;1409842064.662359797;1195330;0;2;0;802
3;0;730;802;1409842064.701727582;1409842064.662367340;1195330;0;2;0;802
3;0;731;802;1409842064.702555620;1409842064.662374882;1195330;0;2;0;802
3;0;732;802;1409842064.703386871;1409842064.662386825;1195330;0;2;0;802
3;0;733;802;1409842064.704227691;1409842064.662392133;1195330;0;2;0;802
3;0;734;802;1409842064.705045532;1409842064.662396813;1195330;0;2;0;802
3;0;735;802;1409842064.705894662;1409842064.662401701;1195330;0;2;0;802
3;0;736;802;1409842064.706744212;1409842064.662406730;1195330;0;2;0;802
3;0;737;802;1409842064.707577837;1409842064.662411549;1195330;0;2;0;802
3;0;738;802;1409842064.708414257;1409842064.662416298;1195330;0;2;0;802
3;0;739;802;1409842064.709230841;1409842064.662421187;1195330;0;2;0;802
3;0;740;802;1409842064.710086606;1409842064.662426216;1195330;0;2;0;802
3;0;741;802;1409842064.710915832;1409842064.662431105;1195330;0;2;0;802
3;0;742;802;1409842064.711747991;1409842064.662435924;1195330;0;2;0;802
3;0;743;802;1409842064.712586575;1409842064.662440882;1195330;0;2;0;802
3;0;744;802;1409842064.713420061;1409842064.662445841;1195330;0;2;0;802
3;0;745;802;1409842064.714255013;1409842064.662450870;1195330;0;2;0;802
3;0;746;802;1409842064.715093528;1409842064.662455828;1195330;0;2;0;802
3;0;747;802;1409842064.715955439;1409842064.662460717;1195330;0;2;0;802
3;0;748;802;1409842064.716767693;1409842064.662465746;1195330;0;2;0;802
3;0;749;802;1409842064.717605230;1409842064.662470565;1195330;0;2;0;802
3;0;750;802;1409842064.718438087;1409842064.662475454;1195330;0;2;0;802
3;0;751;802;1409842064.719276741;1409842064.662480413;1195330;0;2;0;802
3;0;752;802;1409842064.720113091;1409842064.662485371;1195330;0;2;0;802
3;0;753;802;1409842064.720947345;1409842064.662490121;1195330;0;2;0;802
3;0;754;802;1409842064.721787466;1409842064.662495079;1195330;0;2;0;802
3;0;755;802;1409842064.722627586;1409842064.662499828;1195330;0;2;0;802
3;0;756;802;1409842064.723457999;1409842064.662504578;1195330;0;2;0;802
3;0;757;802;1409842064.724298050;1409842064.662509606;1195330;0;2;0;802
3;0;758;802;1409842064.725134050;1409842064.662514216;1195330;0;2;0;802
3;0;759;802;1409842064.725968723;1409842064.662519454;1195330;0;2;0;802
3;0;760;802;1409842064.726869397;1409842064.662524413;1195330;0;2;0;802
3;0;761;802;1409842064.727645473;1409842064.662529232;1195330;0;2;0;802
3;0;762;802;1409842064.728481403;1409842064.662534330;1195330;0;2;0;802
3;0;763;802;1409842064.729317404;1409842064.662539568;1195330;0;2;0;802
3;0;764;802;1409842064.730152286;1409842064.662544806;1195330;0;2;0;802
3;0;765;802;1409842064.730992128;1409842064.694132692;1195330;0;2;0;802
3;0;766;802;1409842064.731829036;1409842064.694143866;1195330;0;2;0;802
3;0;767;802;1409842064.732666712;1409842064.694152876;1195330;0;2;0;802
3;0;768;802;1409842064.733504179;1409842064.694182558;1195330;0;2;0;802
3;0;769;802;1409842064.734336338;1409842064.694187378;1195330;0;2;0;802
3;0;770;802;1409842064.735172757;1409842064.694192197;1195330;0;2;0;802
3;0;771;802;1409842064.736010713;1409842064.694197016;1195330;0;2;0;802
3;0;772;802;1409842064.736853208;1409842064.694201765;1195330;0;2;0;802
3;0;773;802;1409842064.737687602;1409842064.694206514;1195330;0;2;0;802
3;0;774;802;1409842064.738524161;1409842064.694211193;1195330;0;2;0;802
3;0;775;802;1409842064.739356599;1409842064.694216012;1195330;0;2;0;802
3;0;776;802;1409842064.740195672;1409842064.694220762;1195330;0;2;0;802
3;0;777;802;1409842064.741032022;1409842064.694225511;1195330;0;2;0;802
3;0;778;802;1409842064.741871654;1409842064.694230260;1195330;0;2;0;802
3;0;779;802;1409842064.742708352;1409842064.694235079;1195330;0;2;0;802
3;0;780;802;1409842064.743545959;1409842064.694239898;1195330;0;2;0;802
3;0;781;802;1409842064.744379375;1409842064.694244578;1195330;0;2;0;802
3;0;782;802;1409842064.745214607;1409842064.694249327;1195330;0;2;0;802
3;0;783;802;1409842064.746041807;1409842064.694254146;1195330;0;2;0;802
3;0;784;802;1409842064.746904836;1409842064.694258965;1195330;0;2;0;802
3;0;785;802;1409842064.747713598;1409842064.694263714;1195330;0;2;0;802
3;0;786;802;1409842064.748566639;1409842064.694268254;1195330;0;2;0;802
3;0;787;802;1409842064.749410741;1409842064.694272863;1195330;0;2;0;802
3;0;788;802;1409842064.750237312;1409842064.694282152;1195330;0;2;0;802
3;0;789;802;1409842064.751075827;1409842064.694287670;1195330;0;2;0;802
3;0;790;802;1409842064.751910430;1409842064.694292279;1195330;0;2;0;802
3;0;791;802;1409842064.752814246;1409842064.694297028;1195330;0;2;0;802
3;0;792;802;1409842064.753587529;1409842064.694301987;1195330;0;2;0;802
3;0;793;802;1409842064.754428418;1409842064.694306666;1195330;0;2;0;802
3;0;794;802;1409842064.755256037;1409842064.694311206;1195330;0;2;0;802
3;0;795;802;1409842064.756095529;1409842064.694315816;1195330;0;2;0;802
3;0;796;802;1409842064.757017993;1409842064.694320635;1195330;0;2;0;802
3;0;797;802;1409842064.757788482;1409842064.694325174;1195330;0;2;0;802
3;0;798;802;1409842064.758617079;1409842064.694329784;1195330;0;2;0;802
3;0;799;802;1409842064.759500571;1409842064.694334603;1195330;0;2;0;802
3;0;800;802;1409842064.760343556;1409842064.694339492;1195330;0;2;0;802
3;0;801;802;1409842064.761210565;1409842064.694344101;1195330;0;2;0;802
