train_id;train_send_countid;paket_id;count_pakets_in_train;recv_time;send_time;recv_data_rate;recv_timeout_wait;last_recv_train_id;last_recv_train_send_countid;last_recv_paket_id


0;0;0;4;0.0;1409842063.409945366;8000;-1;0;0;0
0;0;1;4;0.0;1409842063.409988737;8000;-1;0;0;0
0;0;2;4;0.0;1409842063.410003195;8000;-1;0;0;0
0;0;3;4;0.0;1409842063.410013042;8000;-1;0;0;0
2;0;0;803;0.0;1409842063.417003666;1605536;-1;1;0;3
2;0;1;803;0.0;1409842063.417033628;1605536;-1;1;0;3
2;0;2;803;0.0;1409842063.417043126;1605536;-1;1;0;3
2;0;3;803;0.0;1409842063.417051577;1605536;-1;1;0;3
2;0;4;803;0.0;1409842063.417059958;1605536;-1;1;0;3
2;0;5;803;0.0;1409842063.417067990;1605536;-1;1;0;3
2;0;6;803;0.0;1409842063.417079513;1605536;-1;1;0;3
2;0;7;803;0.0;1409842063.417111431;1605536;-1;1;0;3
2;0;8;803;0.0;1409842063.417122885;1605536;-1;1;0;3
2;0;9;803;0.0;1409842063.417150402;1605536;-1;1;0;3
2;0;10;803;0.0;1409842063.417159482;1605536;-1;1;0;3
2;0;11;803;0.0;1409842063.417167863;1605536;-1;1;0;3
2;0;12;803;0.0;1409842063.417176453;1605536;-1;1;0;3
2;0;13;803;0.0;1409842063.417184625;1605536;-1;1;0;3
2;0;14;803;0.0;1409842063.417192726;1605536;-1;1;0;3
2;0;15;803;0.0;1409842063.417200898;1605536;-1;1;0;3
2;0;16;803;0.0;1409842063.417209209;1605536;-1;1;0;3
2;0;17;803;0.0;1409842063.417218428;1605536;-1;1;0;3
2;0;18;803;0.0;1409842063.417227228;1605536;-1;1;0;3
2;0;19;803;0.0;1409842063.417235469;1605536;-1;1;0;3
2;0;20;803;0.0;1409842063.417244548;1605536;-1;1;0;3
2;0;21;803;0.0;1409842063.417253488;1605536;-1;1;0;3
2;0;22;803;0.0;1409842063.417261869;1605536;-1;1;0;3
2;0;23;803;0.0;1409842063.417270390;1605536;-1;1;0;3
2;0;24;803;0.0;1409842063.417279469;1605536;-1;1;0;3
2;0;25;803;0.0;1409842063.417290294;1605536;-1;1;0;3
2;0;26;803;0.0;1409842063.417300980;1605536;-1;1;0;3
2;0;27;803;0.0;1409842063.417310479;1605536;-1;1;0;3
2;0;28;803;0.0;1409842063.417321234;1605536;-1;1;0;3
2;0;29;803;0.0;1409842063.417330872;1605536;-1;1;0;3
2;0;30;803;0.0;1409842063.417342396;1605536;-1;1;0;3
2;0;31;803;0.0;1409842063.417352593;1605536;-1;1;0;3
2;0;32;803;0.0;1409842063.417362720;1605536;-1;1;0;3
2;0;33;803;0.0;1409842063.417372847;1605536;-1;1;0;3
2;0;34;803;0.0;1409842063.417382694;1605536;-1;1;0;3
2;0;35;803;0.0;1409842063.417392333;1605536;-1;1;0;3
2;0;36;803;0.0;1409842063.417402879;1605536;-1;1;0;3
2;0;37;803;0.0;1409842063.417412656;1605536;-1;1;0;3
2;0;38;803;0.0;1409842063.417422225;1605536;-1;1;0;3
2;0;39;803;0.0;1409842063.417432282;1605536;-1;1;0;3
2;0;40;803;0.0;1409842063.417442269;1605536;-1;1;0;3
2;0;41;803;0.0;1409842063.417453514;1605536;-1;1;0;3
2;0;42;803;0.0;1409842063.417463780;1605536;-1;1;0;3
2;0;43;803;0.0;1409842063.417474256;1605536;-1;1;0;3
2;0;44;803;0.0;1409842063.417484244;1605536;-1;1;0;3
2;0;45;803;0.0;1409842063.417493812;1605536;-1;1;0;3
2;0;46;803;0.0;1409842063.417504218;1605536;-1;1;0;3
2;0;47;803;0.0;1409842063.417513787;1605536;-1;1;0;3
2;0;48;803;0.0;1409842063.417524053;1605536;-1;1;0;3
2;0;49;803;0.0;1409842063.417534529;1605536;-1;1;0;3
2;0;50;803;0.0;1409842063.417545215;1605536;-1;1;0;3
2;0;51;803;0.0;1409842063.417555342;1605536;-1;1;0;3
2;0;52;803;0.0;1409842063.417566447;1605536;-1;1;0;3
2;0;53;803;0.0;1409842063.417576644;1605536;-1;1;0;3
2;0;54;803;0.0;1409842063.417585234;1605536;-1;1;0;3
2;0;55;803;0.0;1409842063.417594104;1605536;-1;1;0;3
2;0;56;803;0.0;1409842063.417602974;1605536;-1;1;0;3
2;0;57;803;0.0;1409842063.417611145;1605536;-1;1;0;3
2;0;58;803;0.0;1409842063.417619387;1605536;-1;1;0;3
2;0;59;803;0.0;1409842063.417628815;1605536;-1;1;0;3
2;0;60;803;0.0;1409842063.417637196;1605536;-1;1;0;3
2;0;61;803;0.0;1409842063.417645717;1605536;-1;1;0;3
2;0;62;803;0.0;1409842063.417653748;1605536;-1;1;0;3
2;0;63;803;0.0;1409842063.417662968;1605536;-1;1;0;3
2;0;64;803;0.0;1409842063.417671628;1605536;-1;1;0;3
2;0;65;803;0.0;1409842063.417680568;1605536;-1;1;0;3
2;0;66;803;0.0;1409842063.417689088;1605536;-1;1;0;3
2;0;67;803;0.0;1409842063.417697609;1605536;-1;1;0;3
2;0;68;803;0.0;1409842063.417706758;1605536;-1;1;0;3
2;0;69;803;0.0;1409842063.417715279;1605536;-1;1;0;3
2;0;70;803;0.0;1409842063.417723799;1605536;-1;1;0;3
2;0;71;803;0.0;1409842063.417732669;1605536;-1;1;0;3
2;0;72;803;0.0;1409842063.417741399;1605536;-1;1;0;3
2;0;73;803;0.0;1409842063.417751037;1605536;-1;1;0;3
2;0;74;803;0.0;1409842063.417759698;1605536;-1;1;0;3
2;0;75;803;0.0;1409842063.417783374;1605536;-1;1;0;3
2;0;76;803;0.0;1409842063.417795317;1605536;-1;1;0;3
2;0;77;803;0.0;1409842063.417804955;1605536;-1;1;0;3
2;0;78;803;0.0;1409842063.417813545;1605536;-1;1;0;3
2;0;79;803;0.0;1409842063.448960313;1605536;-1;1;0;3
2;0;80;803;0.0;1409842063.448974840;1605536;-1;1;0;3
2;0;81;803;0.0;1409842063.448980218;1605536;-1;1;0;3
2;0;82;803;0.0;1409842063.448985317;1605536;-1;1;0;3
2;0;83;803;0.0;1409842063.448990275;1605536;-1;1;0;3
2;0;84;803;0.0;1409842063.448996142;1605536;-1;1;0;3
2;0;85;803;0.0;1409842063.449001590;1605536;-1;1;0;3
2;0;86;803;0.0;1409842063.449006618;1605536;-1;1;0;3
2;0;87;803;0.0;1409842063.449011926;1605536;-1;1;0;3
2;0;88;803;0.0;1409842063.449016605;1605536;-1;1;0;3
2;0;89;803;0.0;1409842063.449022053;1605536;-1;1;0;3
2;0;90;803;0.0;1409842063.449027850;1605536;-1;1;0;3
2;0;91;803;0.0;1409842063.449032948;1605536;-1;1;0;3
2;0;92;803;0.0;1409842063.449037767;1605536;-1;1;0;3
2;0;93;803;0.0;1409842063.449042377;1605536;-1;1;0;3
2;0;94;803;0.0;1409842063.449046567;1605536;-1;1;0;3
2;0;95;803;0.0;1409842063.449051037;1605536;-1;1;0;3
2;0;96;803;0.0;1409842063.449056136;1605536;-1;1;0;3
2;0;97;803;0.0;1409842063.449060605;1605536;-1;1;0;3
2;0;98;803;0.0;1409842063.449065494;1605536;-1;1;0;3
2;0;99;803;0.0;1409842063.449069894;1605536;-1;1;0;3
2;0;100;803;0.0;1409842063.449075342;1605536;-1;1;0;3
2;0;101;803;0.0;1409842063.449079882;1605536;-1;1;0;3
2;0;102;803;0.0;1409842063.449084212;1605536;-1;1;0;3
2;0;103;803;0.0;1409842063.449088612;1605536;-1;1;0;3
2;0;104;803;0.0;1409842063.449092872;1605536;-1;1;0;3
2;0;105;803;0.0;1409842063.449097551;1605536;-1;1;0;3
2;0;106;803;0.0;1409842063.449101951;1605536;-1;1;0;3
2;0;107;803;0.0;1409842063.449106701;1605536;-1;1;0;3
2;0;108;803;0.0;1409842063.449112498;1605536;-1;1;0;3
2;0;109;803;0.0;1409842063.449118294;1605536;-1;1;0;3
2;0;110;803;0.0;1409842063.449122974;1605536;-1;1;0;3
2;0;111;803;0.0;1409842063.449128142;1605536;-1;1;0;3
2;0;112;803;0.0;1409842063.449132332;1605536;-1;1;0;3
2;0;113;803;0.0;1409842063.449136593;1605536;-1;1;0;3
2;0;114;803;0.0;1409842063.449141342;1605536;-1;1;0;3
2;0;115;803;0.0;1409842063.449145672;1605536;-1;1;0;3
2;0;116;803;0.0;1409842063.449150002;1605536;-1;1;0;3
2;0;117;803;0.0;1409842063.480889653;1605536;-1;1;0;3
2;0;118;803;0.0;1409842063.480902993;1605536;-1;1;0;3
2;0;119;803;0.0;1409842063.480908859;1605536;-1;1;0;3
2;0;120;803;0.0;1409842063.480914656;1605536;-1;1;0;3
2;0;121;803;0.0;1409842063.480920313;1605536;-1;1;0;3
2;0;122;803;0.0;1409842063.480925901;1605536;-1;1;0;3
2;0;123;803;0.0;1409842063.480931278;1605536;-1;1;0;3
2;0;124;803;0.0;1409842063.480937005;1605536;-1;1;0;3
2;0;125;803;0.0;1409842063.480942313;1605536;-1;1;0;3
2;0;126;803;0.0;1409842063.480947551;1605536;-1;1;0;3
2;0;127;803;0.0;1409842063.480952999;1605536;-1;1;0;3
2;0;128;803;0.0;1409842063.480958167;1605536;-1;1;0;3
2;0;129;803;0.0;1409842063.480962847;1605536;-1;1;0;3
2;0;130;803;0.0;1409842063.480967456;1605536;-1;1;0;3
2;0;131;803;0.0;1409842063.480972624;1605536;-1;1;0;3
2;0;132;803;0.0;1409842063.480977653;1605536;-1;1;0;3
2;0;133;803;0.0;1409842063.480982891;1605536;-1;1;0;3
2;0;134;803;0.0;1409842063.480987850;1605536;-1;1;0;3
2;0;135;803;0.0;1409842063.480993088;1605536;-1;1;0;3
2;0;136;803;0.0;1409842063.480997907;1605536;-1;1;0;3
2;0;137;803;0.0;1409842063.481003774;1605536;-1;1;0;3
2;0;138;803;0.0;1409842063.481008523;1605536;-1;1;0;3
2;0;139;803;0.0;1409842063.481013342;1605536;-1;1;0;3
2;0;140;803;0.0;1409842063.481018091;1605536;-1;1;0;3
2;0;141;803;0.0;1409842063.481022910;1605536;-1;1;0;3
2;0;142;803;0.0;1409842063.481028078;1605536;-1;1;0;3
2;0;143;803;0.0;1409842063.481032897;1605536;-1;1;0;3
2;0;144;803;0.0;1409842063.481037717;1605536;-1;1;0;3
2;0;145;803;0.0;1409842063.481042605;1605536;-1;1;0;3
2;0;146;803;0.0;1409842063.481047285;1605536;-1;1;0;3
2;0;147;803;0.0;1409842063.481051894;1605536;-1;1;0;3
2;0;148;803;0.0;1409842063.481056644;1605536;-1;1;0;3
2;0;149;803;0.0;1409842063.481061463;1605536;-1;1;0;3
2;0;150;803;0.0;1409842063.481068028;1605536;-1;1;0;3
2;0;151;803;0.0;1409842063.481073056;1605536;-1;1;0;3
2;0;152;803;0.0;1409842063.481077945;1605536;-1;1;0;3
2;0;153;803;0.0;1409842063.481083253;1605536;-1;1;0;3
2;0;154;803;0.0;1409842063.481097151;1605536;-1;1;0;3
2;0;155;803;0.0;1409842063.513626358;1605536;-1;1;0;3
2;0;156;803;0.0;1409842063.513658345;1605536;-1;1;0;3
2;0;157;803;0.0;1409842063.513672593;1605536;-1;1;0;3
2;0;158;803;0.0;1409842063.513686282;1605536;-1;1;0;3
2;0;159;803;0.0;1409842063.513699412;1605536;-1;1;0;3
2;0;160;803;0.0;1409842063.513711704;1605536;-1;1;0;3
2;0;161;803;0.0;1409842063.513724066;1605536;-1;1;0;3
2;0;162;803;0.0;1409842063.513736009;1605536;-1;1;0;3
2;0;163;803;0.0;1409842063.513749558;1605536;-1;1;0;3
2;0;164;803;0.0;1409842063.513764504;1605536;-1;1;0;3
2;0;165;803;0.0;1409842063.513777285;1605536;-1;1;0;3
2;0;166;803;0.0;1409842063.513791742;1605536;-1;1;0;3
2;0;167;803;0.0;1409842063.513804802;1605536;-1;1;0;3
2;0;168;803;0.0;1409842063.513815488;1605536;-1;1;0;3
2;0;169;803;0.0;1409842063.513825685;1605536;-1;1;0;3
2;0;170;803;0.0;1409842063.513835812;1605536;-1;1;0;3
2;0;171;803;0.0;1409842063.513846148;1605536;-1;1;0;3
2;0;172;803;0.0;1409842063.513859069;1605536;-1;1;0;3
2;0;173;803;0.0;1409842063.513870244;1605536;-1;1;0;3
2;0;174;803;0.0;1409842063.513881139;1605536;-1;1;0;3
2;0;175;803;0.0;1409842063.513891406;1605536;-1;1;0;3
2;0;176;803;0.0;1409842063.513901672;1605536;-1;1;0;3
2;0;177;803;0.0;1409842063.513912079;1605536;-1;1;0;3
2;0;178;803;0.0;1409842063.513922206;1605536;-1;1;0;3
2;0;179;803;0.0;1409842063.513932612;1605536;-1;1;0;3
2;0;180;803;0.0;1409842063.513943926;1605536;-1;1;0;3
2;0;181;803;0.0;1409842063.513954333;1605536;-1;1;0;3
2;0;182;803;0.0;1409842063.513964390;1605536;-1;1;0;3
2;0;183;803;0.0;1409842063.513974307;1605536;-1;1;0;3
2;0;184;803;0.0;1409842063.513984364;1605536;-1;1;0;3
2;0;185;803;0.0;1409842063.513994282;1605536;-1;1;0;3
2;0;186;803;0.0;1409842063.514004269;1605536;-1;1;0;3
2;0;187;803;0.0;1409842063.514014047;1605536;-1;1;0;3
2;0;188;803;0.0;1409842063.514026548;1605536;-1;1;0;3
2;0;189;803;0.0;1409842063.514036885;1605536;-1;1;0;3
2;0;190;803;0.0;1409842063.514047082;1605536;-1;1;0;3
2;0;191;803;0.0;1409842063.514058117;1605536;-1;1;0;3
2;0;192;803;0.0;1409842063.514068244;1605536;-1;1;0;3
2;0;193;803;0.0;1409842063.544707964;1605536;-1;1;0;3
2;0;194;803;0.0;1409842063.544738764;1605536;-1;1;0;3
2;0;195;803;0.0;1409842063.544752662;1605536;-1;1;0;3
2;0;196;803;0.0;1409842063.544765932;1605536;-1;1;0;3
2;0;197;803;0.0;1409842063.544779272;1605536;-1;1;0;3
2;0;198;803;0.0;1409842063.544791704;1605536;-1;1;0;3
2;0;199;803;0.0;1409842063.544855818;1605536;-1;1;0;3
2;0;200;803;0.0;1409842063.544873977;1605536;-1;1;0;3
2;0;201;803;0.0;1409842063.544886059;1605536;-1;1;0;3
2;0;202;803;0.0;1409842063.544898351;1605536;-1;1;0;3
2;0;203;803;0.0;1409842063.544910504;1605536;-1;1;0;3
2;0;204;803;0.0;1409842063.544924332;1605536;-1;1;0;3
2;0;205;803;0.0;1409842063.544936834;1605536;-1;1;0;3
2;0;206;803;0.0;1409842063.544947240;1605536;-1;1;0;3
2;0;207;803;0.0;1409842063.544961628;1605536;-1;1;0;3
2;0;208;803;0.0;1409842063.544972383;1605536;-1;1;0;3
2;0;209;803;0.0;1409842063.544982789;1605536;-1;1;0;3
2;0;210;803;0.0;1409842063.544993615;1605536;-1;1;0;3
2;0;211;803;0.0;1409842063.545003951;1605536;-1;1;0;3
2;0;212;803;0.0;1409842063.545014497;1605536;-1;1;0;3
2;0;213;803;0.0;1409842063.545024555;1605536;-1;1;0;3
2;0;214;803;0.0;1409842063.545034542;1605536;-1;1;0;3
2;0;215;803;0.0;1409842063.545044739;1605536;-1;1;0;3
2;0;216;803;0.0;1409842063.545054866;1605536;-1;1;0;3
2;0;217;803;0.0;1409842063.545064923;1605536;-1;1;0;3
2;0;218;803;0.0;1409842063.545074980;1605536;-1;1;0;3
2;0;219;803;0.0;1409842063.545085805;1605536;-1;1;0;3
2;0;220;803;0.0;1409842063.545096561;1605536;-1;1;0;3
2;0;221;803;0.0;1409842063.545106688;1605536;-1;1;0;3
2;0;222;803;0.0;1409842063.545117024;1605536;-1;1;0;3
2;0;223;803;0.0;1409842063.545128828;1605536;-1;1;0;3
2;0;224;803;0.0;1409842063.545141189;1605536;-1;1;0;3
2;0;225;803;0.0;1409842063.545159139;1605536;-1;1;0;3
2;0;226;803;0.0;1409842063.545170453;1605536;-1;1;0;3
2;0;227;803;0.0;1409842063.545181139;1605536;-1;1;0;3
2;0;228;803;0.0;1409842063.545192662;1605536;-1;1;0;3
2;0;229;803;0.0;1409842063.545204047;1605536;-1;1;0;3
2;0;230;803;0.0;1409842063.545214383;1605536;-1;1;0;3
2;0;231;803;0.0;1409842063.576419958;1605536;-1;1;0;3
2;0;232;803;0.0;1409842063.576446427;1605536;-1;1;0;3
2;0;233;803;0.0;1409842063.576485050;1605536;-1;1;0;3
2;0;234;803;0.0;1409842063.576500694;1605536;-1;1;0;3
2;0;235;803;0.0;1409842063.576527443;1605536;-1;1;0;3
2;0;236;803;0.0;1409842063.576543227;1605536;-1;1;0;3
2;0;237;803;0.0;1409842063.576556777;1605536;-1;1;0;3
2;0;238;803;0.0;1409842063.576569558;1605536;-1;1;0;3
2;0;239;803;0.0;1409842063.576581850;1605536;-1;1;0;3
2;0;240;803;0.0;1409842063.576593792;1605536;-1;1;0;3
2;0;241;803;0.0;1409842063.576605735;1605536;-1;1;0;3
2;0;242;803;0.0;1409842063.576618377;1605536;-1;1;0;3
2;0;243;803;0.0;1409842063.576632205;1605536;-1;1;0;3
2;0;244;803;0.0;1409842063.576642681;1605536;-1;1;0;3
2;0;245;803;0.0;1409842063.576652739;1605536;-1;1;0;3
2;0;246;803;0.0;1409842063.576662586;1605536;-1;1;0;3
2;0;247;803;0.0;1409842063.576673132;1605536;-1;1;0;3
2;0;248;803;0.0;1409842063.576683958;1605536;-1;1;0;3
2;0;249;803;0.0;1409842063.576693805;1605536;-1;1;0;3
2;0;250;803;0.0;1409842063.576703583;1605536;-1;1;0;3
2;0;251;803;0.0;1409842063.576714688;1605536;-1;1;0;3
2;0;252;803;0.0;1409842063.576724535;1605536;-1;1;0;3
2;0;253;803;0.0;1409842063.576735361;1605536;-1;1;0;3
2;0;254;803;0.0;1409842063.576745278;1605536;-1;1;0;3
2;0;255;803;0.0;1409842063.576755126;1605536;-1;1;0;3
2;0;256;803;0.0;1409842063.576765183;1605536;-1;1;0;3
2;0;257;803;0.0;1409842063.576775589;1605536;-1;1;0;3
2;0;258;803;0.0;1409842063.576792351;1605536;-1;1;0;3
2;0;259;803;0.0;1409842063.576854300;1605536;-1;1;0;3
2;0;260;803;0.0;1409842063.576869316;1605536;-1;1;0;3
2;0;261;803;0.0;1409842063.576883704;1605536;-1;1;0;3
2;0;262;803;0.0;1409842063.576894808;1605536;-1;1;0;3
2;0;263;803;0.0;1409842063.576905145;1605536;-1;1;0;3
2;0;264;803;0.0;1409842063.576915062;1605536;-1;1;0;3
2;0;265;803;0.0;1409842063.576925120;1605536;-1;1;0;3
2;0;266;803;0.0;1409842063.576935107;1605536;-1;1;0;3
2;0;267;803;0.0;1409842063.576945024;1605536;-1;1;0;3
2;0;268;803;0.0;1409842063.576954872;1605536;-1;1;0;3
2;0;269;803;0.0;1409842063.608216040;1605536;-1;1;0;3
2;0;270;803;0.0;1409842063.608228751;1605536;-1;1;0;3
2;0;271;803;0.0;1409842063.608234059;1605536;-1;1;0;3
2;0;272;803;0.0;1409842063.608238669;1605536;-1;1;0;3
2;0;273;803;0.0;1409842063.608243627;1605536;-1;1;0;3
2;0;274;803;0.0;1409842063.608248516;1605536;-1;1;0;3
2;0;275;803;0.0;1409842063.608253545;1605536;-1;1;0;3
2;0;276;803;0.0;1409842063.608258224;1605536;-1;1;0;3
2;0;277;803;0.0;1409842063.608262903;1605536;-1;1;0;3
2;0;278;803;0.0;1409842063.608267653;1605536;-1;1;0;3
2;0;279;803;0.0;1409842063.608272542;1605536;-1;1;0;3
2;0;280;803;0.0;1409842063.608277780;1605536;-1;1;0;3
2;0;281;803;0.0;1409842063.608282599;1605536;-1;1;0;3
2;0;282;803;0.0;1409842063.608286929;1605536;-1;1;0;3
2;0;283;803;0.0;1409842063.608291259;1605536;-1;1;0;3
2;0;284;803;0.0;1409842063.608295519;1605536;-1;1;0;3
2;0;285;803;0.0;1409842063.608299640;1605536;-1;1;0;3
2;0;286;803;0.0;1409842063.608303830;1605536;-1;1;0;3
2;0;287;803;0.0;1409842063.608308300;1605536;-1;1;0;3
2;0;288;803;0.0;1409842063.608312561;1605536;-1;1;0;3
2;0;289;803;0.0;1409842063.608317030;1605536;-1;1;0;3
2;0;290;803;0.0;1409842063.608321361;1605536;-1;1;0;3
2;0;291;803;0.0;1409842063.608326040;1605536;-1;1;0;3
2;0;292;803;0.0;1409842063.608330650;1605536;-1;1;0;3
2;0;293;803;0.0;1409842063.608340846;1605536;-1;1;0;3
2;0;294;803;0.0;1409842063.608346573;1605536;-1;1;0;3
2;0;295;803;0.0;1409842063.608350834;1605536;-1;1;0;3
2;0;296;803;0.0;1409842063.608354675;1605536;-1;1;0;3
2;0;297;803;0.0;1409842063.608358656;1605536;-1;1;0;3
2;0;298;803;0.0;1409842063.608362707;1605536;-1;1;0;3
2;0;299;803;0.0;1409842063.608366897;1605536;-1;1;0;3
2;0;300;803;0.0;1409842063.608373742;1605536;-1;1;0;3
2;0;301;803;0.0;1409842063.608377932;1605536;-1;1;0;3
2;0;302;803;0.0;1409842063.608381983;1605536;-1;1;0;3
2;0;303;803;0.0;1409842063.608386383;1605536;-1;1;0;3
2;0;304;803;0.0;1409842063.608390503;1605536;-1;1;0;3
2;0;305;803;0.0;1409842063.608394764;1605536;-1;1;0;3
2;0;306;803;0.0;1409842063.608398745;1605536;-1;1;0;3
2;0;307;803;0.0;1409842063.640044459;1605536;-1;1;0;3
2;0;308;803;0.0;1409842063.640058287;1605536;-1;1;0;3
2;0;309;803;0.0;1409842063.640063176;1605536;-1;1;0;3
2;0;310;803;0.0;1409842063.640067995;1605536;-1;1;0;3
2;0;311;803;0.0;1409842063.640083570;1605536;-1;1;0;3
2;0;312;803;0.0;1409842063.640089157;1605536;-1;1;0;3
2;0;313;803;0.0;1409842063.640093837;1605536;-1;1;0;3
2;0;314;803;0.0;1409842063.640098935;1605536;-1;1;0;3
2;0;315;803;0.0;1409842063.640103614;1605536;-1;1;0;3
2;0;316;803;0.0;1409842063.640108224;1605536;-1;1;0;3
2;0;317;803;0.0;1409842063.640112973;1605536;-1;1;0;3
2;0;318;803;0.0;1409842063.640117792;1605536;-1;1;0;3
2;0;319;803;0.0;1409842063.640122751;1605536;-1;1;0;3
2;0;320;803;0.0;1409842063.640127081;1605536;-1;1;0;3
2;0;321;803;0.0;1409842063.640131272;1605536;-1;1;0;3
2;0;322;803;0.0;1409842063.640135811;1605536;-1;1;0;3
2;0;323;803;0.0;1409842063.640139932;1605536;-1;1;0;3
2;0;324;803;0.0;1409842063.640143983;1605536;-1;1;0;3
2;0;325;803;0.0;1409842063.640148103;1605536;-1;1;0;3
2;0;326;803;0.0;1409842063.640152434;1605536;-1;1;0;3
2;0;327;803;0.0;1409842063.640157043;1605536;-1;1;0;3
2;0;328;803;0.0;1409842063.640167589;1605536;-1;1;0;3
2;0;329;803;0.0;1409842063.640173665;1605536;-1;1;0;3
2;0;330;803;0.0;1409842063.640177926;1605536;-1;1;0;3
2;0;331;803;0.0;1409842063.640182046;1605536;-1;1;0;3
2;0;332;803;0.0;1409842063.640186097;1605536;-1;1;0;3
2;0;333;803;0.0;1409842063.640189938;1605536;-1;1;0;3
2;0;334;803;0.0;1409842063.640193780;1605536;-1;1;0;3
2;0;335;803;0.0;1409842063.640197830;1605536;-1;1;0;3
2;0;336;803;0.0;1409842063.640201951;1605536;-1;1;0;3
2;0;337;803;0.0;1409842063.640206002;1605536;-1;1;0;3
2;0;338;803;0.0;1409842063.640210053;1605536;-1;1;0;3
2;0;339;803;0.0;1409842063.640214103;1605536;-1;1;0;3
2;0;340;803;0.0;1409842063.640218224;1605536;-1;1;0;3
2;0;341;803;0.0;1409842063.640221926;1605536;-1;1;0;3
2;0;342;803;0.0;1409842063.640226046;1605536;-1;1;0;3
2;0;343;803;0.0;1409842063.640230376;1605536;-1;1;0;3
2;0;344;803;0.0;1409842063.640234707;1605536;-1;1;0;3
2;0;345;803;0.0;1409842063.671921487;1605536;-1;1;0;3
2;0;346;803;0.0;1409842063.671937341;1605536;-1;1;0;3
2;0;347;803;0.0;1409842063.671944256;1605536;-1;1;0;3
2;0;348;803;0.0;1409842063.671950821;1605536;-1;1;0;3
2;0;349;803;0.0;1409842063.671957526;1605536;-1;1;0;3
2;0;350;803;0.0;1409842063.671964021;1605536;-1;1;0;3
2;0;351;803;0.0;1409842063.671970586;1605536;-1;1;0;3
2;0;352;803;0.0;1409842063.671977011;1605536;-1;1;0;3
2;0;353;803;0.0;1409842063.671983646;1605536;-1;1;0;3
2;0;354;803;0.0;1409842063.671990141;1605536;-1;1;0;3
2;0;355;803;0.0;1409842063.671996916;1605536;-1;1;0;3
2;0;356;803;0.0;1409842063.672003691;1605536;-1;1;0;3
2;0;357;803;0.0;1409842063.672010186;1605536;-1;1;0;3
2;0;358;803;0.0;1409842063.672016192;1605536;-1;1;0;3
2;0;359;803;0.0;1409842063.672021989;1605536;-1;1;0;3
2;0;360;803;0.0;1409842063.672027786;1605536;-1;1;0;3
2;0;361;803;0.0;1409842063.672033513;1605536;-1;1;0;3
2;0;362;803;0.0;1409842063.672039240;1605536;-1;1;0;3
2;0;363;803;0.0;1409842063.672044687;1605536;-1;1;0;3
2;0;364;803;0.0;1409842063.672050554;1605536;-1;1;0;3
2;0;365;803;0.0;1409842063.672056351;1605536;-1;1;0;3
2;0;366;803;0.0;1409842063.672061868;1605536;-1;1;0;3
2;0;367;803;0.0;1409842063.672067386;1605536;-1;1;0;3
2;0;368;803;0.0;1409842063.672073043;1605536;-1;1;0;3
2;0;369;803;0.0;1409842063.672079399;1605536;-1;1;0;3
2;0;370;803;0.0;1409842063.672085195;1605536;-1;1;0;3
2;0;371;803;0.0;1409842063.672090783;1605536;-1;1;0;3
2;0;372;803;0.0;1409842063.672096580;1605536;-1;1;0;3
2;0;373;803;0.0;1409842063.672102865;1605536;-1;1;0;3
2;0;374;803;0.0;1409842063.672108732;1605536;-1;1;0;3
2;0;375;803;0.0;1409842063.672114529;1605536;-1;1;0;3
2;0;376;803;0.0;1409842063.672120535;1605536;-1;1;0;3
2;0;377;803;0.0;1409842063.672126122;1605536;-1;1;0;3
2;0;378;803;0.0;1409842063.672132059;1605536;-1;1;0;3
2;0;379;803;0.0;1409842063.672138554;1605536;-1;1;0;3
2;0;380;803;0.0;1409842063.672144491;1605536;-1;1;0;3
2;0;381;803;0.0;1409842063.672150497;1605536;-1;1;0;3
2;0;382;803;0.0;1409842063.672156503;1605536;-1;1;0;3
2;0;383;803;0.0;1409842063.703749278;1605536;-1;1;0;3
2;0;384;803;0.0;1409842063.703776376;1605536;-1;1;0;3
2;0;385;803;0.0;1409842063.703789227;1605536;-1;1;0;3
2;0;386;803;0.0;1409842063.703801868;1605536;-1;1;0;3
2;0;387;803;0.0;1409842063.703815138;1605536;-1;1;0;3
2;0;388;803;0.0;1409842063.703827291;1605536;-1;1;0;3
2;0;389;803;0.0;1409842063.703838675;1605536;-1;1;0;3
2;0;390;803;0.0;1409842063.703868287;1605536;-1;1;0;3
2;0;391;803;0.0;1409842063.703882605;1605536;-1;1;0;3
2;0;392;803;0.0;1409842063.703895525;1605536;-1;1;0;3
2;0;393;803;0.0;1409842063.703907468;1605536;-1;1;0;3
2;0;394;803;0.0;1409842063.703920389;1605536;-1;1;0;3
2;0;395;803;0.0;1409842063.703932681;1605536;-1;1;0;3
2;0;396;803;0.0;1409842063.703943227;1605536;-1;1;0;3
2;0;397;803;0.0;1409842063.703953214;1605536;-1;1;0;3
2;0;398;803;0.0;1409842063.703963341;1605536;-1;1;0;3
2;0;399;803;0.0;1409842063.703973398;1605536;-1;1;0;3
2;0;400;803;0.0;1409842063.703983525;1605536;-1;1;0;3
2;0;401;803;0.0;1409842063.703993583;1605536;-1;1;0;3
2;0;402;803;0.0;1409842063.704005037;1605536;-1;1;0;3
2;0;403;803;0.0;1409842063.704015094;1605536;-1;1;0;3
2;0;404;803;0.0;1409842063.704025221;1605536;-1;1;0;3
2;0;405;803;0.0;1409842063.704035418;1605536;-1;1;0;3
2;0;406;803;0.0;1409842063.704045475;1605536;-1;1;0;3
2;0;407;803;0.0;1409842063.704056579;1605536;-1;1;0;3
2;0;408;803;0.0;1409842063.704066916;1605536;-1;1;0;3
2;0;409;803;0.0;1409842063.704078440;1605536;-1;1;0;3
2;0;410;803;0.0;1409842063.704088776;1605536;-1;1;0;3
2;0;411;803;0.0;1409842063.704099392;1605536;-1;1;0;3
2;0;412;803;0.0;1409842063.704109659;1605536;-1;1;0;3
2;0;413;803;0.0;1409842063.704119646;1605536;-1;1;0;3
2;0;414;803;0.0;1409842063.704129843;1605536;-1;1;0;3
2;0;415;803;0.0;1409842063.704140319;1605536;-1;1;0;3
2;0;416;803;0.0;1409842063.704150516;1605536;-1;1;0;3
2;0;417;803;0.0;1409842063.704161621;1605536;-1;1;0;3
2;0;418;803;0.0;1409842063.704171678;1605536;-1;1;0;3
2;0;419;803;0.0;1409842063.704182433;1605536;-1;1;0;3
2;0;420;803;0.0;1409842063.704192630;1605536;-1;1;0;3
2;0;421;803;0.0;1409842063.735645652;1605536;-1;1;0;3
2;0;422;803;0.0;1409842063.735678268;1605536;-1;1;0;3
2;0;423;803;0.0;1409842063.735693144;1605536;-1;1;0;3
2;0;424;803;0.0;1409842063.735706414;1605536;-1;1;0;3
2;0;425;803;0.0;1409842063.735719405;1605536;-1;1;0;3
2;0;426;803;0.0;1409842063.735732675;1605536;-1;1;0;3
2;0;427;803;0.0;1409842063.735745316;1605536;-1;1;0;3
2;0;428;803;0.0;1409842063.735757887;1605536;-1;1;0;3
2;0;429;803;0.0;1409842063.735770598;1605536;-1;1;0;3
2;0;430;803;0.0;1409842063.735783589;1605536;-1;1;0;3
2;0;431;803;0.0;1409842063.735797138;1605536;-1;1;0;3
2;0;432;803;0.0;1409842063.735810478;1605536;-1;1;0;3
2;0;433;803;0.0;1409842063.735822630;1605536;-1;1;0;3
2;0;434;803;0.0;1409842063.735833665;1605536;-1;1;0;3
2;0;435;803;0.0;1409842063.735844630;1605536;-1;1;0;3
2;0;436;803;0.0;1409842063.735855665;1605536;-1;1;0;3
2;0;437;803;0.0;1409842063.735866071;1605536;-1;1;0;3
2;0;438;803;0.0;1409842063.735879341;1605536;-1;1;0;3
2;0;439;803;0.0;1409842063.735890516;1605536;-1;1;0;3
2;0;440;803;0.0;1409842063.735900922;1605536;-1;1;0;3
2;0;441;803;0.0;1409842063.735911049;1605536;-1;1;0;3
2;0;442;803;0.0;1409842063.735920897;1605536;-1;1;0;3
2;0;443;803;0.0;1409842063.735930954;1605536;-1;1;0;3
2;0;444;803;0.0;1409842063.735941151;1605536;-1;1;0;3
2;0;445;803;0.0;1409842063.735951976;1605536;-1;1;0;3
2;0;446;803;0.0;1409842063.735962243;1605536;-1;1;0;3
2;0;447;803;0.0;1409842063.735972370;1605536;-1;1;0;3
2;0;448;803;0.0;1409842063.735982427;1605536;-1;1;0;3
2;0;449;803;0.0;1409842063.735993252;1605536;-1;1;0;3
2;0;450;803;0.0;1409842063.736003449;1605536;-1;1;0;3
2;0;451;803;0.0;1409842063.736014135;1605536;-1;1;0;3
2;0;452;803;0.0;1409842063.736024891;1605536;-1;1;0;3
2;0;453;803;0.0;1409842063.736034878;1605536;-1;1;0;3
2;0;454;803;0.0;1409842063.736045005;1605536;-1;1;0;3
2;0;455;803;0.0;1409842063.736055062;1605536;-1;1;0;3
2;0;456;803;0.0;1409842063.736065119;1605536;-1;1;0;3
2;0;457;803;0.0;1409842063.736076573;1605536;-1;1;0;3
2;0;458;803;0.0;1409842063.736090681;1605536;-1;1;0;3
2;0;459;803;0.0;1409842063.767477144;1605536;-1;1;0;3
2;0;460;803;0.0;1409842063.767508503;1605536;-1;1;0;3
2;0;461;803;0.0;1409842063.767522541;1605536;-1;1;0;3
2;0;462;803;0.0;1409842063.767536090;1605536;-1;1;0;3
2;0;463;803;0.0;1409842063.767548732;1605536;-1;1;0;3
2;0;464;803;0.0;1409842063.767560325;1605536;-1;1;0;3
2;0;465;803;0.0;1409842063.767571709;1605536;-1;1;0;3
2;0;466;803;0.0;1409842063.767583932;1605536;-1;1;0;3
2;0;467;803;0.0;1409842063.767596294;1605536;-1;1;0;3
2;0;468;803;0.0;1409842063.767608097;1605536;-1;1;0;3
2;0;469;803;0.0;1409842063.767639735;1605536;-1;1;0;3
2;0;470;803;0.0;1409842063.767657684;1605536;-1;1;0;3
2;0;471;803;0.0;1409842063.767669487;1605536;-1;1;0;3
2;0;472;803;0.0;1409842063.767679824;1605536;-1;1;0;3
2;0;473;803;0.0;1409842063.767689881;1605536;-1;1;0;3
2;0;474;803;0.0;1409842063.767699798;1605536;-1;1;0;3
2;0;475;803;0.0;1409842063.767709855;1605536;-1;1;0;3
2;0;476;803;0.0;1409842063.767719913;1605536;-1;1;0;3
2;0;477;803;0.0;1409842063.767730948;1605536;-1;1;0;3
2;0;478;803;0.0;1409842063.767742122;1605536;-1;1;0;3
2;0;479;803;0.0;1409842063.767752040;1605536;-1;1;0;3
2;0;480;803;0.0;1409842063.767762097;1605536;-1;1;0;3
2;0;481;803;0.0;1409842063.767773132;1605536;-1;1;0;3
2;0;482;803;0.0;1409842063.767783887;1605536;-1;1;0;3
2;0;483;803;0.0;1409842063.767794084;1605536;-1;1;0;3
2;0;484;803;0.0;1409842063.767806656;1605536;-1;1;0;3
2;0;485;803;0.0;1409842063.767817132;1605536;-1;1;0;3
2;0;486;803;0.0;1409842063.767827119;1605536;-1;1;0;3
2;0;487;803;0.0;1409842063.767837386;1605536;-1;1;0;3
2;0;488;803;0.0;1409842063.767848351;1605536;-1;1;0;3
2;0;489;803;0.0;1409842063.767858548;1605536;-1;1;0;3
2;0;490;803;0.0;1409842063.767868465;1605536;-1;1;0;3
2;0;491;803;0.0;1409842063.767879430;1605536;-1;1;0;3
2;0;492;803;0.0;1409842063.767889836;1605536;-1;1;0;3
2;0;493;803;0.0;1409842063.767899894;1605536;-1;1;0;3
2;0;494;803;0.0;1409842063.767910789;1605536;-1;1;0;3
2;0;495;803;0.0;1409842063.767921265;1605536;-1;1;0;3
2;0;496;803;0.0;1409842063.767934395;1605536;-1;1;0;3
2;0;497;803;0.0;1409842063.799221893;1605536;-1;1;0;3
2;0;498;803;0.0;1409842063.799236560;1605536;-1;1;0;3
2;0;499;803;0.0;1409842063.799243405;1605536;-1;1;0;3
2;0;500;803;0.0;1409842063.799250109;1605536;-1;1;0;3
2;0;501;803;0.0;1409842063.799256395;1605536;-1;1;0;3
2;0;502;803;0.0;1409842063.799262611;1605536;-1;1;0;3
2;0;503;803;0.0;1409842063.799269176;1605536;-1;1;0;3
2;0;504;803;0.0;1409842063.799275462;1605536;-1;1;0;3
2;0;505;803;0.0;1409842063.799281887;1605536;-1;1;0;3
2;0;506;803;0.0;1409842063.799288592;1605536;-1;1;0;3
2;0;507;803;0.0;1409842063.799295227;1605536;-1;1;0;3
2;0;508;803;0.0;1409842063.799302281;1605536;-1;1;0;3
2;0;509;803;0.0;1409842063.799309265;1605536;-1;1;0;3
2;0;510;803;0.0;1409842063.799315271;1605536;-1;1;0;3
2;0;511;803;0.0;1409842063.799320998;1605536;-1;1;0;3
2;0;512;803;0.0;1409842063.799327074;1605536;-1;1;0;3
2;0;513;803;0.0;1409842063.799333151;1605536;-1;1;0;3
2;0;514;803;0.0;1409842063.799339297;1605536;-1;1;0;3
2;0;515;803;0.0;1409842063.799345024;1605536;-1;1;0;3
2;0;516;803;0.0;1409842063.799350611;1605536;-1;1;0;3
2;0;517;803;0.0;1409842063.799356897;1605536;-1;1;0;3
2;0;518;803;0.0;1409842063.799363043;1605536;-1;1;0;3
2;0;519;803;0.0;1409842063.799369119;1605536;-1;1;0;3
2;0;520;803;0.0;1409842063.799375265;1605536;-1;1;0;3
2;0;521;803;0.0;1409842063.799381271;1605536;-1;1;0;3
2;0;522;803;0.0;1409842063.799388046;1605536;-1;1;0;3
2;0;523;803;0.0;1409842063.799393773;1605536;-1;1;0;3
2;0;524;803;0.0;1409842063.799399849;1605536;-1;1;0;3
2;0;525;803;0.0;1409842063.799406624;1605536;-1;1;0;3
2;0;526;803;0.0;1409842063.799412351;1605536;-1;1;0;3
2;0;527;803;0.0;1409842063.799417938;1605536;-1;1;0;3
2;0;528;803;0.0;1409842063.799423595;1605536;-1;1;0;3
2;0;529;803;0.0;1409842063.799429252;1605536;-1;1;0;3
2;0;530;803;0.0;1409842063.799434840;1605536;-1;1;0;3
2;0;531;803;0.0;1409842063.799440427;1605536;-1;1;0;3
2;0;532;803;0.0;1409842063.799445805;1605536;-1;1;0;3
2;0;533;803;0.0;1409842063.799451532;1605536;-1;1;0;3
2;0;534;803;0.0;1409842063.799457189;1605536;-1;1;0;3
2;0;535;803;0.0;1409842063.831128465;1605536;-1;1;0;3
2;0;536;803;0.0;1409842063.831160522;1605536;-1;1;0;3
2;0;537;803;0.0;1409842063.831175468;1605536;-1;1;0;3
2;0;538;803;0.0;1409842063.831189017;1605536;-1;1;0;3
2;0;539;803;0.0;1409842063.831201589;1605536;-1;1;0;3
2;0;540;803;0.0;1409842063.831213322;1605536;-1;1;0;3
2;0;541;803;0.0;1409842063.831226103;1605536;-1;1;0;3
2;0;542;803;0.0;1409842063.831238046;1605536;-1;1;0;3
2;0;543;803;0.0;1409842063.831250408;1605536;-1;1;0;3
2;0;544;803;0.0;1409842063.831262839;1605536;-1;1;0;3
2;0;545;803;0.0;1409842063.831274922;1605536;-1;1;0;3
2;0;546;803;0.0;1409842063.831289100;1605536;-1;1;0;3
2;0;547;803;0.0;1409842063.831301392;1605536;-1;1;0;3
2;0;548;803;0.0;1409842063.831331843;1605536;-1;1;0;3
2;0;549;803;0.0;1409842063.831345532;1605536;-1;1;0;3
2;0;550;803;0.0;1409842063.831356985;1605536;-1;1;0;3
2;0;551;803;0.0;1409842063.831367392;1605536;-1;1;0;3
2;0;552;803;0.0;1409842063.831378916;1605536;-1;1;0;3
2;0;553;803;0.0;1409842063.831389671;1605536;-1;1;0;3
2;0;554;803;0.0;1409842063.831400497;1605536;-1;1;0;3
2;0;555;803;0.0;1409842063.831410763;1605536;-1;1;0;3
2;0;556;803;0.0;1409842063.831422916;1605536;-1;1;0;3
2;0;557;803;0.0;1409842063.831433462;1605536;-1;1;0;3
2;0;558;803;0.0;1409842063.831443589;1605536;-1;1;0;3
2;0;559;803;0.0;1409842063.831453716;1605536;-1;1;0;3
2;0;560;803;0.0;1409842063.831464890;1605536;-1;1;0;3
2;0;561;803;0.0;1409842063.831477252;1605536;-1;1;0;3
2;0;562;803;0.0;1409842063.831487659;1605536;-1;1;0;3
2;0;563;803;0.0;1409842063.831497716;1605536;-1;1;0;3
2;0;564;803;0.0;1409842063.831515386;1605536;-1;1;0;3
2;0;565;803;0.0;1409842063.831526490;1605536;-1;1;0;3
2;0;566;803;0.0;1409842063.831538363;1605536;-1;1;0;3
2;0;567;803;0.0;1409842063.831549747;1605536;-1;1;0;3
2;0;568;803;0.0;1409842063.831560293;1605536;-1;1;0;3
2;0;569;803;0.0;1409842063.831571049;1605536;-1;1;0;3
2;0;570;803;0.0;1409842063.831581106;1605536;-1;1;0;3
2;0;571;803;0.0;1409842063.831591373;1605536;-1;1;0;3
2;0;572;803;0.0;1409842063.831601779;1605536;-1;1;0;3
2;0;573;803;0.0;1409842063.862957931;1605536;-1;1;0;3
2;0;574;803;0.0;1409842063.862988662;1605536;-1;1;0;3
2;0;575;803;0.0;1409842063.863002839;1605536;-1;1;0;3
2;0;576;803;0.0;1409842063.863015341;1605536;-1;1;0;3
2;0;577;803;0.0;1409842063.863027563;1605536;-1;1;0;3
2;0;578;803;0.0;1409842063.863039855;1605536;-1;1;0;3
2;0;579;803;0.0;1409842063.863052357;1605536;-1;1;0;3
2;0;580;803;0.0;1409842063.863065138;1605536;-1;1;0;3
2;0;581;803;0.0;1409842063.863077081;1605536;-1;1;0;3
2;0;582;803;0.0;1409842063.863089233;1605536;-1;1;0;3
2;0;583;803;0.0;1409842063.863101385;1605536;-1;1;0;3
2;0;584;803;0.0;1409842063.863115354;1605536;-1;1;0;3
2;0;585;803;0.0;1409842063.863127227;1605536;-1;1;0;3
2;0;586;803;0.0;1409842063.863137773;1605536;-1;1;0;3
2;0;587;803;0.0;1409842063.863148528;1605536;-1;1;0;3
2;0;588;803;0.0;1409842063.863159354;1605536;-1;1;0;3
2;0;589;803;0.0;1409842063.863169341;1605536;-1;1;0;3
2;0;590;803;0.0;1409842063.863180865;1605536;-1;1;0;3
2;0;591;803;0.0;1409842063.863191900;1605536;-1;1;0;3
2;0;592;803;0.0;1409842063.863203773;1605536;-1;1;0;3
2;0;593;803;0.0;1409842063.863214877;1605536;-1;1;0;3
2;0;594;803;0.0;1409842063.863225563;1605536;-1;1;0;3
2;0;595;803;0.0;1409842063.863235620;1605536;-1;1;0;3
2;0;596;803;0.0;1409842063.863246516;1605536;-1;1;0;3
2;0;597;803;0.0;1409842063.863257341;1605536;-1;1;0;3
2;0;598;803;0.0;1409842063.863268097;1605536;-1;1;0;3
2;0;599;803;0.0;1409842063.863279481;1605536;-1;1;0;3
2;0;600;803;0.0;1409842063.863290306;1605536;-1;1;0;3
2;0;601;803;0.0;1409842063.863300363;1605536;-1;1;0;3
2;0;602;803;0.0;1409842063.863310350;1605536;-1;1;0;3
2;0;603;803;0.0;1409842063.863320827;1605536;-1;1;0;3
2;0;604;803;0.0;1409842063.863331582;1605536;-1;1;0;3
2;0;605;803;0.0;1409842063.863341430;1605536;-1;1;0;3
2;0;606;803;0.0;1409842063.863352465;1605536;-1;1;0;3
2;0;607;803;0.0;1409842063.863363151;1605536;-1;1;0;3
2;0;608;803;0.0;1409842063.863376770;1605536;-1;1;0;3
2;0;609;803;0.0;1409842063.863396744;1605536;-1;1;0;3
2;0;610;803;0.0;1409842063.863409036;1605536;-1;1;0;3
2;0;611;803;0.0;1409842063.894789493;1605536;-1;1;0;3
2;0;612;803;0.0;1409842063.894818058;1605536;-1;1;0;3
2;0;613;803;0.0;1409842063.894830281;1605536;-1;1;0;3
2;0;614;803;0.0;1409842063.894842503;1605536;-1;1;0;3
2;0;615;803;0.0;1409842063.894855074;1605536;-1;1;0;3
2;0;616;803;0.0;1409842063.894867296;1605536;-1;1;0;3
2;0;617;803;0.0;1409842063.894879449;1605536;-1;1;0;3
2;0;618;803;0.0;1409842063.894891322;1605536;-1;1;0;3
2;0;619;803;0.0;1409842063.894903614;1605536;-1;1;0;3
2;0;620;803;0.0;1409842063.894916534;1605536;-1;1;0;3
2;0;621;803;0.0;1409842063.894929106;1605536;-1;1;0;3
2;0;622;803;0.0;1409842063.894943144;1605536;-1;1;0;3
2;0;623;803;0.0;1409842063.894956204;1605536;-1;1;0;3
2;0;624;803;0.0;1409842063.894967030;1605536;-1;1;0;3
2;0;625;803;0.0;1409842063.894977576;1605536;-1;1;0;3
2;0;626;803;0.0;1409842063.894987912;1605536;-1;1;0;3
2;0;627;803;0.0;1409842063.895017315;1605536;-1;1;0;3
2;0;628;803;0.0;1409842063.895031773;1605536;-1;1;0;3
2;0;629;803;0.0;1409842063.895042109;1605536;-1;1;0;3
2;0;630;803;0.0;1409842063.895053423;1605536;-1;1;0;3
2;0;631;803;0.0;1409842063.895063760;1605536;-1;1;0;3
2;0;632;803;0.0;1409842063.895074306;1605536;-1;1;0;3
2;0;633;803;0.0;1409842063.895084293;1605536;-1;1;0;3
2;0;634;803;0.0;1409842063.895095119;1605536;-1;1;0;3
2;0;635;803;0.0;1409842063.895106503;1605536;-1;1;0;3
2;0;636;803;0.0;1409842063.895118655;1605536;-1;1;0;3
2;0;637;803;0.0;1409842063.895128922;1605536;-1;1;0;3
2;0;638;803;0.0;1409842063.895138979;1605536;-1;1;0;3
2;0;639;803;0.0;1409842063.895148966;1605536;-1;1;0;3
2;0;640;803;0.0;1409842063.895160141;1605536;-1;1;0;3
2;0;641;803;0.0;1409842063.895170408;1605536;-1;1;0;3
2;0;642;803;0.0;1409842063.895180325;1605536;-1;1;0;3
2;0;643;803;0.0;1409842063.895190592;1605536;-1;1;0;3
2;0;644;803;0.0;1409842063.895203442;1605536;-1;1;0;3
2;0;645;803;0.0;1409842063.895213709;1605536;-1;1;0;3
2;0;646;803;0.0;1409842063.895223976;1605536;-1;1;0;3
2;0;647;803;0.0;1409842063.895234871;1605536;-1;1;0;3
2;0;648;803;0.0;1409842063.895244928;1605536;-1;1;0;3
2;0;649;803;0.0;1409842063.926604503;1605536;-1;1;0;3
2;0;650;803;0.0;1409842063.926637398;1605536;-1;1;0;3
2;0;651;803;0.0;1409842063.926651436;1605536;-1;1;0;3
2;0;652;803;0.0;1409842063.926663658;1605536;-1;1;0;3
2;0;653;803;0.0;1409842063.926675461;1605536;-1;1;0;3
2;0;654;803;0.0;1409842063.926688312;1605536;-1;1;0;3
2;0;655;803;0.0;1409842063.926700674;1605536;-1;1;0;3
2;0;656;803;0.0;1409842063.926713176;1605536;-1;1;0;3
2;0;657;803;0.0;1409842063.926725398;1605536;-1;1;0;3
2;0;658;803;0.0;1409842063.926738458;1605536;-1;1;0;3
2;0;659;803;0.0;1409842063.926751309;1605536;-1;1;0;3
2;0;660;803;0.0;1409842063.926765138;1605536;-1;1;0;3
2;0;661;803;0.0;1409842063.926777011;1605536;-1;1;0;3
2;0;662;803;0.0;1409842063.926787207;1605536;-1;1;0;3
2;0;663;803;0.0;1409842063.926797404;1605536;-1;1;0;3
2;0;664;803;0.0;1409842063.926809277;1605536;-1;1;0;3
2;0;665;803;0.0;1409842063.926820312;1605536;-1;1;0;3
2;0;666;803;0.0;1409842063.926831347;1605536;-1;1;0;3
2;0;667;803;0.0;1409842063.926842103;1605536;-1;1;0;3
2;0;668;803;0.0;1409842063.926853347;1605536;-1;1;0;3
2;0;669;803;0.0;1409842063.926863753;1605536;-1;1;0;3
2;0;670;803;0.0;1409842063.926874579;1605536;-1;1;0;3
2;0;671;803;0.0;1409842063.926885334;1605536;-1;1;0;3
2;0;672;803;0.0;1409842063.926896509;1605536;-1;1;0;3
2;0;673;803;0.0;1409842063.926906985;1605536;-1;1;0;3
2;0;674;803;0.0;1409842063.926918160;1605536;-1;1;0;3
2;0;675;803;0.0;1409842063.926929055;1605536;-1;1;0;3
2;0;676;803;0.0;1409842063.926939880;1605536;-1;1;0;3
2;0;677;803;0.0;1409842063.926950287;1605536;-1;1;0;3
2;0;678;803;0.0;1409842063.926960274;1605536;-1;1;0;3
2;0;679;803;0.0;1409842063.926970192;1605536;-1;1;0;3
2;0;680;803;0.0;1409842063.926981995;1605536;-1;1;0;3
2;0;681;803;0.0;1409842063.926994287;1605536;-1;1;0;3
2;0;682;803;0.0;1409842063.927005322;1605536;-1;1;0;3
2;0;683;803;0.0;1409842063.927015449;1605536;-1;1;0;3
2;0;684;803;0.0;1409842063.927025506;1605536;-1;1;0;3
2;0;685;803;0.0;1409842063.927036960;1605536;-1;1;0;3
2;0;686;803;0.0;1409842063.927047436;1605536;-1;1;0;3
2;0;687;803;0.0;1409842063.958389131;1605536;-1;1;0;3
2;0;688;803;0.0;1409842063.958411410;1605536;-1;1;0;3
2;0;689;803;0.0;1409842063.958421817;1605536;-1;1;0;3
2;0;690;803;0.0;1409842063.958430547;1605536;-1;1;0;3
2;0;691;803;0.0;1409842063.958439766;1605536;-1;1;0;3
2;0;692;803;0.0;1409842063.958448077;1605536;-1;1;0;3
2;0;693;803;0.0;1409842063.958456947;1605536;-1;1;0;3
2;0;694;803;0.0;1409842063.958465677;1605536;-1;1;0;3
2;0;695;803;0.0;1409842063.958473988;1605536;-1;1;0;3
2;0;696;803;0.0;1409842063.958482509;1605536;-1;1;0;3
2;0;697;803;0.0;1409842063.958490960;1605536;-1;1;0;3
2;0;698;803;0.0;1409842063.958501576;1605536;-1;1;0;3
2;0;699;803;0.0;1409842063.958510236;1605536;-1;1;0;3
2;0;700;803;0.0;1409842063.958517569;1605536;-1;1;0;3
2;0;701;803;0.0;1409842063.958524553;1605536;-1;1;0;3
2;0;702;803;0.0;1409842063.958532376;1605536;-1;1;0;3
2;0;703;803;0.0;1409842063.958540896;1605536;-1;1;0;3
2;0;704;803;0.0;1409842063.958548998;1605536;-1;1;0;3
2;0;705;803;0.0;1409842063.958570230;1605536;-1;1;0;3
2;0;706;803;0.0;1409842063.958580426;1605536;-1;1;0;3
2;0;707;803;0.0;1409842063.958587830;1605536;-1;1;0;3
2;0;708;803;0.0;1409842063.958595093;1605536;-1;1;0;3
2;0;709;803;0.0;1409842063.958602217;1605536;-1;1;0;3
2;0;710;803;0.0;1409842063.958609480;1605536;-1;1;0;3
2;0;711;803;0.0;1409842063.958617652;1605536;-1;1;0;3
2;0;712;803;0.0;1409842063.958625334;1605536;-1;1;0;3
2;0;713;803;0.0;1409842063.958632528;1605536;-1;1;0;3
2;0;714;803;0.0;1409842063.958639722;1605536;-1;1;0;3
2;0;715;803;0.0;1409842063.958646915;1605536;-1;1;0;3
2;0;716;803;0.0;1409842063.958653760;1605536;-1;1;0;3
2;0;717;803;0.0;1409842063.958660604;1605536;-1;1;0;3
2;0;718;803;0.0;1409842063.958668077;1605536;-1;1;0;3
2;0;719;803;0.0;1409842063.958675760;1605536;-1;1;0;3
2;0;720;803;0.0;1409842063.958682884;1605536;-1;1;0;3
2;0;721;803;0.0;1409842063.958689868;1605536;-1;1;0;3
2;0;722;803;0.0;1409842063.958697690;1605536;-1;1;0;3
2;0;723;803;0.0;1409842063.958705303;1605536;-1;1;0;3
2;0;724;803;0.0;1409842063.958712496;1605536;-1;1;0;3
2;0;725;803;0.0;1409842063.990212033;1605536;-1;1;0;3
2;0;726;803;0.0;1409842063.990233963;1605536;-1;1;0;3
2;0;727;803;0.0;1409842063.990243601;1605536;-1;1;0;3
2;0;728;803;0.0;1409842063.990252471;1605536;-1;1;0;3
2;0;729;803;0.0;1409842063.990261201;1605536;-1;1;0;3
2;0;730;803;0.0;1409842063.990271468;1605536;-1;1;0;3
2;0;731;803;0.0;1409842063.990280617;1605536;-1;1;0;3
2;0;732;803;0.0;1409842063.990289906;1605536;-1;1;0;3
2;0;733;803;0.0;1409842063.990299055;1605536;-1;1;0;3
2;0;734;803;0.0;1409842063.990307995;1605536;-1;1;0;3
2;0;735;803;0.0;1409842063.990317423;1605536;-1;1;0;3
2;0;736;803;0.0;1409842063.990328039;1605536;-1;1;0;3
2;0;737;803;0.0;1409842063.990336909;1605536;-1;1;0;3
2;0;738;803;0.0;1409842063.990345220;1605536;-1;1;0;3
2;0;739;803;0.0;1409842063.990352693;1605536;-1;1;0;3
2;0;740;803;0.0;1409842063.990359956;1605536;-1;1;0;3
2;0;741;803;0.0;1409842063.990367010;1605536;-1;1;0;3
2;0;742;803;0.0;1409842063.990374972;1605536;-1;1;0;3
2;0;743;803;0.0;1409842063.990382306;1605536;-1;1;0;3
2;0;744;803;0.0;1409842063.990389499;1605536;-1;1;0;3
2;0;745;803;0.0;1409842063.990396553;1605536;-1;1;0;3
2;0;746;803;0.0;1409842063.990403956;1605536;-1;1;0;3
2;0;747;803;0.0;1409842063.990411290;1605536;-1;1;0;3
2;0;748;803;0.0;1409842063.990418414;1605536;-1;1;0;3
2;0;749;803;0.0;1409842063.990425537;1605536;-1;1;0;3
2;0;750;803;0.0;1409842063.990432731;1605536;-1;1;0;3
2;0;751;803;0.0;1409842063.990440483;1605536;-1;1;0;3
2;0;752;803;0.0;1409842063.990447817;1605536;-1;1;0;3
2;0;753;803;0.0;1409842063.990455080;1605536;-1;1;0;3
2;0;754;803;0.0;1409842063.990462903;1605536;-1;1;0;3
2;0;755;803;0.0;1409842063.990470934;1605536;-1;1;0;3
2;0;756;803;0.0;1409842063.990478198;1605536;-1;1;0;3
2;0;757;803;0.0;1409842063.990485182;1605536;-1;1;0;3
2;0;758;803;0.0;1409842063.990492166;1605536;-1;1;0;3
2;0;759;803;0.0;1409842063.990499429;1605536;-1;1;0;3
2;0;760;803;0.0;1409842063.990506833;1605536;-1;1;0;3
2;0;761;803;0.0;1409842063.990513887;1605536;-1;1;0;3
2;0;762;803;0.0;1409842063.990521010;1605536;-1;1;0;3
2;0;763;803;0.0;1409842064.22085429;1605536;-1;1;0;3
2;0;764;803;0.0;1409842064.22117556;1605536;-1;1;0;3
2;0;765;803;0.0;1409842064.22130687;1605536;-1;1;0;3
2;0;766;803;0.0;1409842064.22144166;1605536;-1;1;0;3
2;0;767;803;0.0;1409842064.22156947;1605536;-1;1;0;3
2;0;768;803;0.0;1409842064.22169728;1605536;-1;1;0;3
2;0;769;803;0.0;1409842064.22182439;1605536;-1;1;0;3
2;0;770;803;0.0;1409842064.22195499;1605536;-1;1;0;3
2;0;771;803;0.0;1409842064.22207861;1605536;-1;1;0;3
2;0;772;803;0.0;1409842064.22220642;1605536;-1;1;0;3
2;0;773;803;0.0;1409842064.22233702;1605536;-1;1;0;3
2;0;774;803;0.0;1409842064.22246902;1605536;-1;1;0;3
2;0;775;803;0.0;1409842064.22258845;1605536;-1;1;0;3
2;0;776;803;0.0;1409842064.22269112;1605536;-1;1;0;3
2;0;777;803;0.0;1409842064.22279169;1605536;-1;1;0;3
2;0;778;803;0.0;1409842064.22289366;1605536;-1;1;0;3
2;0;779;803;0.0;1409842064.22299493;1605536;-1;1;0;3
2;0;780;803;0.0;1409842064.22311226;1605536;-1;1;0;3
2;0;781;803;0.0;1409842064.22321283;1605536;-1;1;0;3
2;0;782;803;0.0;1409842064.22331201;1605536;-1;1;0;3
2;0;783;803;0.0;1409842064.22341328;1605536;-1;1;0;3
2;0;784;803;0.0;1409842064.22371080;1605536;-1;1;0;3
2;0;785;803;0.0;1409842064.22384839;1605536;-1;1;0;3
2;0;786;803;0.0;1409842064.22395245;1605536;-1;1;0;3
2;0;787;803;0.0;1409842064.22407258;1605536;-1;1;0;3
2;0;788;803;0.0;1409842064.22418712;1605536;-1;1;0;3
2;0;789;803;0.0;1409842064.22429747;1605536;-1;1;0;3
2;0;790;803;0.0;1409842064.22440433;1605536;-1;1;0;3
2;0;791;803;0.0;1409842064.22450420;1605536;-1;1;0;3
2;0;792;803;0.0;1409842064.22460756;1605536;-1;1;0;3
2;0;793;803;0.0;1409842064.22471652;1605536;-1;1;0;3
2;0;794;803;0.0;1409842064.22481988;1605536;-1;1;0;3
2;0;795;803;0.0;1409842064.22492814;1605536;-1;1;0;3
2;0;796;803;0.0;1409842064.22503988;1605536;-1;1;0;3
2;0;797;803;0.0;1409842064.22513975;1605536;-1;1;0;3
2;0;798;803;0.0;1409842064.22524172;1605536;-1;1;0;3
2;0;799;803;0.0;1409842064.22533950;1605536;-1;1;0;3
2;0;800;803;0.0;1409842064.22544147;1605536;-1;1;0;3
2;0;801;803;0.0;1409842064.53907074;1605536;-1;1;0;3
2;0;802;803;0.0;1409842064.53938782;1605536;-1;1;0;3
